0 0 0 0 
0 0 0 0 
0 0 0 0 
0 0 0 0 
0.00661924
0 1 0 0 
1 0 0 0 
0 0 0 0 
0 0 0 0 
0.0789249
0 1 1 0 
1 0 0 0 
1 0 0 0 
0 0 0 0 
0.198008
0 1 1 1 
1 0 0 0 
1 0 0 0 
1 0 0 0 
0.0526166
0 1 1 0 
1 0 1 0 
1 1 0 0 
0 0 0 0 
0.0526166
0 0 0 1 
0 0 1 0 
0 1 0 0 
1 0 0 0 
0.049502
0 1 0 1 
1 0 1 0 
0 1 0 0 
1 0 0 0 
0.228996
0 1 1 1 
1 0 1 0 
1 1 0 0 
1 0 0 0 
0.198008
0 0 1 1 
0 0 1 1 
1 1 0 0 
1 1 0 0 
0.049502
0 1 1 1 
1 0 1 1 
1 1 0 0 
1 1 0 0 
0.0789249
0 1 1 1 
1 0 1 1 
1 1 0 1 
1 1 1 0 
0.00661924
Total: 1.00034