0 0 0 0 
0 0 0 0 
0 0 0 0 
0 0 0 0 
0.0475099
0 1 0 0 
1 0 0 0 
0 0 0 0 
0 0 0 0 
0.285059
0 1 1 0 
1 0 0 0 
1 0 0 0 
0 0 0 0 
0.285534
0 1 1 1 
1 0 0 0 
1 0 0 0 
1 0 0 0 
0.000316206
0 1 1 0 
1 0 1 0 
1 1 0 0 
0 0 0 0 
0.0635573
0 0 0 1 
0 0 1 0 
0 1 0 0 
1 0 0 0 
0.118814
0 1 0 1 
1 0 1 0 
0 1 0 0 
1 0 0 0 
0.0958103
0 1 1 1 
1 0 1 0 
1 1 0 0 
1 0 0 0 
0.0958103
0 0 1 1 
0 0 1 1 
1 1 0 0 
1 1 0 0 
0.00814229
0 1 1 1 
1 0 1 1 
1 1 0 0 
1 1 0 0 
0.000474308
0 1 1 1 
1 0 1 1 
1 1 0 1 
1 1 1 0 
0.00403162
Total: 1.00506