
Graph 1, order 25.
0 1 1 1 1 1 1 1 1 1 1 1 1 0 0 0 0 0 0 0 0 0 0 0 0
1 0 1 1 1 1 1 0 0 0 0 0 0 1 1 1 1 1 1 0 0 0 0 0 0
1 1 0 0 0 0 0 1 0 0 1 1 1 1 0 0 1 1 1 0 0 0 1 0 1
1 1 0 0 0 0 0 0 1 1 0 1 1 0 1 1 0 1 1 0 0 1 0 1 0
1 1 0 0 0 1 1 1 0 1 0 0 0 1 0 0 0 1 0 1 0 1 0 1 1
1 1 0 0 1 0 1 0 1 0 0 0 1 0 0 1 0 0 1 1 1 0 1 0 1
1 1 0 0 1 1 0 0 0 0 1 1 0 0 1 0 1 0 0 0 1 1 1 1 0
1 0 1 0 1 0 0 0 1 0 1 0 1 1 1 0 0 1 0 1 1 0 0 1 0
1 0 0 1 0 1 0 1 0 1 0 1 0 1 1 0 0 0 1 1 1 0 1 0 0
1 0 0 1 1 0 0 0 1 0 1 1 0 1 0 1 1 0 0 1 0 1 0 0 1
1 0 1 0 0 0 1 1 0 1 0 0 1 0 1 1 1 0 0 1 0 1 1 0 0
1 0 1 1 0 0 1 0 1 1 0 0 0 0 0 0 1 1 0 0 1 0 1 1 1
1 0 1 1 0 1 0 1 0 0 1 0 0 0 0 1 0 0 1 0 1 1 0 1 1
0 1 1 0 1 0 0 1 1 1 0 0 0 0 1 0 1 0 1 0 1 1 0 0 1
0 1 0 1 0 0 1 1 1 0 1 0 0 1 0 1 0 1 0 0 1 1 1 0 0
0 1 0 1 0 1 0 0 0 1 1 0 1 0 1 0 1 1 0 1 1 0 0 0 1
0 1 1 0 0 0 1 0 0 1 1 1 0 1 0 1 0 0 1 1 1 0 0 1 0
0 1 1 1 1 0 0 1 0 0 0 1 0 0 1 1 0 0 0 1 0 0 1 1 1
0 1 1 1 0 1 0 0 1 0 0 0 1 1 0 0 1 0 0 1 0 1 1 1 0
0 0 0 0 1 1 0 1 1 1 1 0 0 0 0 1 1 1 1 0 0 0 1 1 0
0 0 0 0 0 1 1 1 1 0 0 1 1 1 1 1 1 0 0 0 0 0 0 1 1
0 0 0 1 1 0 1 0 0 1 1 0 1 1 1 0 0 0 1 0 0 0 1 1 1
0 0 1 0 0 1 1 0 1 0 1 1 0 0 1 0 0 1 1 1 0 1 0 0 1
0 0 0 1 1 0 1 1 0 0 0 1 1 0 0 0 1 1 1 1 1 1 0 0 0
0 0 1 0 1 1 0 0 0 1 0 1 1 1 0 1 0 1 0 0 1 1 1 0 0

Graph 2, order 25.
0 1 1 1 1 1 1 1 1 1 1 1 1 0 0 0 0 0 0 0 0 0 0 0 0
1 0 1 1 1 1 1 0 0 0 0 0 0 1 1 1 1 1 1 0 0 0 0 0 0
1 1 0 0 0 0 0 1 0 1 0 1 1 1 0 1 0 1 1 0 0 1 0 1 0
1 1 0 0 0 0 0 0 1 0 1 1 1 0 1 0 1 1 1 0 0 0 1 0 1
1 1 0 0 0 1 1 1 1 0 0 0 0 1 1 0 0 0 0 0 0 1 1 1 1
1 1 0 0 1 0 1 0 0 1 1 0 0 0 0 0 0 1 1 1 1 1 1 0 0
1 1 0 0 1 1 0 0 0 0 0 1 1 0 0 1 1 0 0 1 1 0 0 1 1
1 0 1 0 1 0 0 0 0 1 1 1 0 1 1 0 1 0 0 1 0 1 0 0 1
1 0 0 1 1 0 0 0 0 1 1 0 1 1 1 1 0 0 0 0 1 0 1 1 0
1 0 1 0 0 1 0 1 1 0 0 1 0 0 1 1 0 0 1 1 1 0 1 0 0
1 0 0 1 0 1 0 1 1 0 0 0 1 1 0 0 1 1 0 1 1 1 0 0 0
1 0 1 1 0 0 1 1 0 1 0 0 0 0 0 0 1 1 0 0 1 0 1 1 1
1 0 1 1 0 0 1 0 1 0 1 0 0 0 0 1 0 0 1 1 0 1 0 1 1
0 1 1 0 1 0 0 1 1 0 1 0 0 0 0 1 1 1 0 1 0 0 1 1 0
0 1 0 1 1 0 0 1 1 1 0 0 0 0 0 1 1 0 1 0 1 1 0 0 1
0 1 1 0 0 0 1 0 1 1 0 0 1 1 1 0 0 1 0 1 1 0 0 0 1
0 1 0 1 0 0 1 1 0 0 1 1 0 1 1 0 0 0 1 1 1 0 0 1 0
0 1 1 1 0 1 0 0 0 0 1 1 0 1 0 1 0 0 0 0 1 1 1 0 1
0 1 1 1 0 1 0 0 0 1 0 0 1 0 1 0 1 0 0 1 0 1 1 1 0
0 0 0 0 0 1 1 1 0 1 1 0 1 1 0 1 1 0 1 0 0 0 1 0 1
0 0 0 0 0 1 1 0 1 1 1 1 0 0 1 1 1 1 0 0 0 1 0 1 0
0 0 1 0 1 1 0 1 0 0 1 0 1 0 1 0 0 1 1 0 1 0 0 1 1
0 0 0 1 1 1 0 0 1 1 0 1 0 1 0 0 0 1 1 1 0 0 0 1 1
0 0 1 0 1 0 1 0 1 0 0 1 1 1 0 0 1 0 1 0 1 1 1 0 0
0 0 0 1 1 0 1 1 0 0 0 1 1 0 1 1 0 1 0 1 0 1 1 0 0

Graph 3, order 25.
0 1 1 1 1 1 1 1 1 1 1 1 1 0 0 0 0 0 0 0 0 0 0 0 0
1 0 1 1 1 1 1 0 0 0 0 0 0 1 1 1 1 1 1 0 0 0 0 0 0
1 1 0 0 0 0 0 1 1 0 0 1 1 0 0 1 1 1 1 0 0 0 0 1 1
1 1 0 0 0 0 0 0 0 1 1 1 1 1 1 0 0 1 1 0 0 1 1 0 0
1 1 0 0 0 1 1 1 1 0 0 0 0 1 1 0 0 0 0 0 0 1 1 1 1
1 1 0 0 1 0 1 0 0 1 0 1 0 0 0 1 0 1 0 1 1 1 0 1 0
1 1 0 0 1 1 0 0 0 0 1 0 1 0 0 0 1 0 1 1 1 0 1 0 1
1 0 1 0 1 0 0 0 1 1 1 0 0 1 0 0 1 1 0 1 0 1 0 0 1
1 0 1 0 1 0 0 1 0 1 1 0 0 0 1 1 0 0 1 0 1 0 1 1 0
1 0 0 1 0 1 0 1 1 0 0 0 1 1 0 1 0 1 0 1 1 0 1 0 0
1 0 0 1 0 0 1 1 1 0 0 1 0 0 1 0 1 0 1 1 1 1 0 0 0
1 0 1 1 0 1 0 0 0 0 1 0 1 0 1 1 0 0 0 1 0 1 0 1 1
1 0 1 1 0 0 1 0 0 1 0 1 0 1 0 0 1 0 0 0 1 0 1 1 1
0 1 0 1 1 0 0 1 0 1 0 0 1 0 1 1 1 0 0 0 1 1 0 0 1
0 1 0 1 1 0 0 0 1 0 1 1 0 1 0 1 1 0 0 1 0 0 1 1 0
0 1 1 0 0 1 0 0 1 1 0 1 0 1 1 0 0 0 1 1 1 0 0 0 1
0 1 1 0 0 0 1 1 0 0 1 0 1 1 1 0 0 1 0 1 1 0 0 1 0
0 1 1 1 0 1 0 1 0 1 0 0 0 0 0 0 1 0 1 1 0 1 1 1 0
0 1 1 1 0 0 1 0 1 0 1 0 0 0 0 1 0 1 0 0 1 1 1 0 1
0 0 0 0 0 1 1 1 0 1 1 1 0 0 1 1 1 1 0 0 0 0 1 0 1
0 0 0 0 0 1 1 0 1 1 1 0 1 1 0 1 1 0 1 0 0 1 0 1 0
0 0 0 1 1 1 0 1 0 0 1 1 0 1 0 0 0 1 1 0 1 0 0 1 1
0 0 0 1 1 0 1 0 1 1 0 0 1 0 1 0 0 1 1 1 0 0 0 1 1
0 0 1 0 1 1 0 0 1 0 0 1 1 0 1 0 1 1 0 0 1 1 1 0 0
0 0 1 0 1 0 1 1 0 0 0 1 1 1 0 1 0 0 1 1 0 1 1 0 0

Graph 4, order 25.
0 1 1 1 1 1 1 1 1 1 1 1 1 0 0 0 0 0 0 0 0 0 0 0 0
1 0 1 1 1 1 1 0 0 0 0 0 0 1 1 1 1 1 1 0 0 0 0 0 0
1 1 0 0 0 0 0 1 1 1 1 0 0 0 0 1 1 1 1 1 1 0 0 0 0
1 1 0 0 0 1 0 0 0 1 1 1 0 1 0 1 0 1 0 0 0 1 1 1 0
1 1 0 0 0 0 1 0 0 1 1 0 1 0 1 0 1 0 1 0 0 1 1 0 1
1 1 0 1 0 0 0 0 1 0 0 1 1 0 1 0 1 1 0 1 0 0 0 1 1
1 1 0 0 1 0 0 1 0 0 0 1 1 1 0 1 0 0 1 0 1 0 0 1 1
1 0 1 0 0 0 1 0 1 1 0 1 0 1 1 0 0 1 0 0 1 0 1 0 1
1 0 1 0 0 1 0 1 0 0 1 0 1 1 1 0 0 0 1 1 0 0 1 1 0
1 0 1 1 1 0 0 1 0 0 0 0 1 0 0 1 0 1 0 1 0 1 1 0 1
1 0 1 1 1 0 0 0 1 0 0 1 0 0 0 0 1 0 1 0 1 1 1 1 0
1 0 0 1 0 1 1 1 0 0 1 0 0 1 0 0 1 0 0 1 1 1 0 0 1
1 0 0 0 1 1 1 0 1 1 0 0 0 0 1 1 0 0 0 1 1 1 0 1 0
0 1 0 1 0 0 1 1 1 0 0 1 0 0 1 1 0 0 1 1 0 1 1 0 0
0 1 0 0 1 1 0 1 1 0 0 0 1 1 0 0 1 1 0 0 1 1 1 0 0
0 1 1 1 0 0 1 0 0 1 0 0 1 1 0 0 1 0 0 1 1 0 1 1 0
0 1 1 0 1 1 0 0 0 0 1 1 0 0 1 1 0 0 0 1 1 0 1 0 1
0 1 1 1 0 1 0 1 0 1 0 0 0 0 1 0 0 0 1 0 1 1 0 1 1
0 1 1 0 1 0 1 0 1 0 1 0 0 1 0 0 0 1 0 1 0 1 0 1 1
0 0 1 0 0 1 0 0 1 1 0 1 1 1 0 1 1 0 1 0 0 1 0 0 1
0 0 1 0 0 0 1 1 0 0 1 1 1 0 1 1 1 1 0 0 0 1 0 1 0
0 0 0 1 1 0 0 0 0 1 1 1 1 1 1 0 0 1 1 1 1 0 0 0 0
0 0 0 1 1 0 0 1 1 1 1 0 0 1 1 1 1 0 0 0 0 0 0 1 1
0 0 0 1 0 1 1 0 1 0 1 0 1 0 0 1 0 1 1 0 1 0 1 0 1
0 0 0 0 1 1 1 1 0 1 0 1 0 0 0 0 1 1 1 1 0 0 1 1 0

Graph 5, order 25.
0 1 1 1 1 1 1 1 1 1 1 1 1 0 0 0 0 0 0 0 0 0 0 0 0
1 0 1 1 1 1 1 0 0 0 0 0 0 1 1 1 1 1 1 0 0 0 0 0 0
1 1 0 0 0 0 0 1 1 1 1 0 0 0 0 1 1 1 1 1 1 0 0 0 0
1 1 0 0 0 1 0 0 0 1 1 1 0 1 0 1 0 1 0 0 0 1 1 1 0
1 1 0 0 0 0 1 0 0 1 1 0 1 0 1 0 1 0 1 0 0 1 1 0 1
1 1 0 1 0 0 0 0 1 0 0 1 1 0 1 1 0 0 1 1 0 0 0 1 1
1 1 0 0 1 0 0 1 0 0 0 1 1 1 0 0 1 1 0 0 1 0 0 1 1
1 0 1 0 0 0 1 0 1 1 0 1 0 1 1 0 0 1 0 1 0 0 1 0 1
1 0 1 0 0 1 0 1 0 0 1 0 1 1 1 0 0 0 1 0 1 0 1 1 0
1 0 1 1 1 0 0 1 0 0 0 1 0 0 0 1 0 0 1 0 1 1 1 0 1
1 0 1 1 1 0 0 0 1 0 0 0 1 0 0 0 1 1 0 1 0 1 1 1 0
1 0 0 1 0 1 1 1 0 1 0 0 0 0 1 0 1 0 0 1 1 1 0 1 0
1 0 0 0 1 1 1 0 1 0 1 0 0 1 0 1 0 0 0 1 1 1 0 0 1
0 1 0 1 0 0 1 1 1 0 0 0 1 0 1 1 0 1 0 0 1 1 1 0 0
0 1 0 0 1 1 0 1 1 0 0 1 0 1 0 0 1 0 1 1 0 1 1 0 0
0 1 1 1 0 1 0 0 0 1 0 0 1 1 0 0 1 0 0 1 1 0 1 0 1
0 1 1 0 1 0 1 0 0 0 1 1 0 0 1 1 0 0 0 1 1 0 1 1 0
0 1 1 1 0 0 1 1 0 0 1 0 0 1 0 0 0 0 1 1 0 1 0 1 1
0 1 1 0 1 1 0 0 1 1 0 0 0 0 1 0 0 1 0 0 1 1 0 1 1
0 0 1 0 0 1 0 1 0 0 1 1 1 0 1 1 1 1 0 0 0 1 0 0 1
0 0 1 0 0 0 1 0 1 1 0 1 1 1 0 1 1 0 1 0 0 1 0 1 0
0 0 0 1 1 0 0 0 0 1 1 1 1 1 1 0 0 1 1 1 1 0 0 0 0
0 0 0 1 1 0 0 1 1 1 1 0 0 1 1 1 1 0 0 0 0 0 0 1 1
0 0 0 1 0 1 1 0 1 0 1 1 0 0 0 0 1 1 1 0 1 0 1 0 1
0 0 0 0 1 1 1 1 0 1 0 0 1 0 0 1 0 1 1 1 0 0 1 1 0

Graph 6, order 25.
0 1 1 1 1 1 1 1 1 1 1 1 1 0 0 0 0 0 0 0 0 0 0 0 0
1 0 1 1 1 1 1 0 0 0 0 0 0 1 1 1 1 1 1 0 0 0 0 0 0
1 1 0 0 0 0 0 1 1 1 1 0 0 0 0 1 1 1 1 1 1 0 0 0 0
1 1 0 0 0 1 0 0 0 1 1 1 0 1 0 1 0 1 0 0 0 1 1 1 0
1 1 0 0 0 0 1 0 0 1 1 0 1 0 1 0 1 0 1 0 0 1 1 0 1
1 1 0 1 0 0 0 1 0 0 0 1 1 1 0 0 1 0 1 0 1 0 0 1 1
1 1 0 0 1 0 0 0 1 0 0 1 1 0 1 1 0 1 0 1 0 0 0 1 1
1 0 1 0 0 1 0 0 1 0 1 1 0 1 1 0 0 0 1 1 0 0 1 0 1
1 0 1 0 0 0 1 1 0 1 0 0 1 1 1 0 0 1 0 0 1 0 1 1 0
1 0 1 1 1 0 0 0 1 0 0 1 0 0 0 0 1 1 0 0 1 1 1 0 1
1 0 1 1 1 0 0 1 0 0 0 0 1 0 0 1 0 0 1 1 0 1 1 1 0
1 0 0 1 0 1 1 1 0 1 0 0 0 0 1 1 0 0 0 1 1 1 0 0 1
1 0 0 0 1 1 1 0 1 0 1 0 0 1 0 0 1 0 0 1 1 1 0 1 0
0 1 0 1 0 1 0 1 1 0 0 0 1 0 1 0 1 1 0 1 0 1 1 0 0
0 1 0 0 1 0 1 1 1 0 0 1 0 1 0 1 0 0 1 0 1 1 1 0 0
0 1 1 1 0 0 1 0 0 0 1 1 0 0 1 0 1 0 0 1 1 0 1 1 0
0 1 1 0 1 1 0 0 0 1 0 0 1 1 0 1 0 0 0 1 1 0 1 0 1
0 1 1 1 0 0 1 0 1 1 0 0 0 1 0 0 0 0 1 1 0 1 0 1 1
0 1 1 0 1 1 0 1 0 0 1 0 0 0 1 0 0 1 0 0 1 1 0 1 1
0 0 1 0 0 0 1 1 0 0 1 1 1 1 0 1 1 1 0 0 0 1 0 0 1
0 0 1 0 0 1 0 0 1 1 0 1 1 0 1 1 1 0 1 0 0 1 0 1 0
0 0 0 1 1 0 0 0 0 1 1 1 1 1 1 0 0 1 1 1 1 0 0 0 0
0 0 0 1 1 0 0 1 1 1 1 0 0 1 1 1 1 0 0 0 0 0 0 1 1
0 0 0 1 0 1 1 0 1 0 1 0 1 0 0 1 0 1 1 0 1 0 1 0 1
0 0 0 0 1 1 1 1 0 1 0 1 0 0 0 0 1 1 1 1 0 0 1 1 0

Graph 7, order 25.
0 1 1 1 1 1 1 1 1 1 1 1 1 0 0 0 0 0 0 0 0 0 0 0 0
1 0 1 1 1 1 1 0 0 0 0 0 0 1 1 1 1 1 1 0 0 0 0 0 0
1 1 0 0 0 0 0 1 1 0 0 1 1 1 0 0 1 1 1 0 0 1 1 0 0
1 1 0 0 0 1 0 1 0 1 1 0 0 0 1 0 1 0 1 0 0 1 0 1 1
1 1 0 0 0 0 1 0 0 1 0 1 1 0 1 0 1 1 0 1 1 0 0 1 0
1 1 0 1 0 0 1 0 1 0 0 0 1 0 0 1 0 0 1 0 1 0 1 1 1
1 1 0 0 1 1 0 0 0 0 1 1 0 0 0 1 0 1 0 1 0 1 1 0 1
1 0 1 1 0 0 0 0 1 1 1 0 0 0 0 1 1 1 0 1 0 0 1 1 0
1 0 1 0 0 1 0 1 0 0 0 1 1 1 1 1 0 0 0 1 0 0 0 1 1
1 0 0 1 1 0 0 1 0 0 1 0 1 1 1 0 0 1 0 0 1 0 1 0 1
1 0 0 1 0 0 1 1 0 1 0 1 0 1 0 1 0 0 1 1 1 1 0 0 0
1 0 1 0 1 0 1 0 1 0 1 0 0 1 0 0 1 0 0 0 1 1 0 1 1
1 0 1 0 1 1 0 0 1 1 0 0 0 0 1 0 0 0 1 1 1 1 1 0 0
0 1 1 0 0 0 0 0 1 1 1 1 0 0 1 1 0 1 1 0 1 0 0 0 1
0 1 0 1 1 0 0 0 1 1 0 0 1 1 0 1 1 0 0 1 0 1 0 0 1
0 1 0 0 0 1 1 1 1 0 1 0 0 1 1 0 1 0 0 1 1 0 1 0 0
0 1 1 1 1 0 0 1 0 0 0 1 0 0 1 1 0 0 0 0 1 1 1 1 0
0 1 1 0 1 0 1 1 0 1 0 0 0 1 0 0 0 0 1 1 0 0 1 1 1
0 1 1 1 0 1 0 0 0 0 1 0 1 1 0 0 0 1 0 1 1 1 0 1 0
0 0 0 0 1 0 1 1 1 0 1 0 1 0 1 1 0 1 1 0 0 1 0 1 0
0 0 0 0 1 1 0 0 0 1 1 1 1 1 0 1 1 0 1 0 0 0 1 1 0
0 0 1 1 0 0 1 0 0 0 1 1 1 0 1 0 1 0 1 1 0 0 1 0 1
0 0 1 0 0 1 1 1 0 1 0 0 1 0 0 1 1 1 0 0 1 1 0 0 1
0 0 0 1 1 1 0 1 1 0 0 1 0 0 0 0 1 1 1 1 1 0 0 0 1
0 0 0 1 0 1 1 0 1 1 0 1 0 1 1 0 0 1 0 0 0 1 1 1 0

Graph 8, order 25.
0 1 1 1 1 1 1 1 1 1 1 1 1 0 0 0 0 0 0 0 0 0 0 0 0
1 0 1 1 1 1 1 0 0 0 0 0 0 1 1 1 1 1 1 0 0 0 0 0 0
1 1 0 0 0 0 1 0 1 1 1 0 0 0 0 1 0 1 1 0 1 0 0 1 1
1 1 0 0 0 1 0 0 0 1 0 1 1 1 1 0 0 0 1 0 1 0 1 0 1
1 1 0 0 0 1 1 1 0 0 0 0 1 0 1 1 0 0 0 1 0 1 0 1 1
1 1 0 1 1 0 0 0 0 0 1 1 0 0 0 0 1 1 0 0 0 1 1 1 1
1 1 1 0 1 0 0 0 1 0 0 0 1 0 0 0 1 0 1 1 1 1 1 0 0
1 0 0 0 1 0 0 0 1 0 1 1 1 1 1 1 1 0 0 0 1 0 0 1 0
1 0 1 0 0 0 1 1 0 1 1 0 0 1 1 0 1 0 0 0 0 1 1 0 1
1 0 1 1 0 0 0 0 1 0 0 1 1 1 0 1 0 1 0 1 0 1 0 0 1
1 0 1 0 0 1 0 1 1 0 0 1 0 0 1 0 0 1 1 1 0 0 1 1 0
1 0 0 1 0 1 0 1 0 1 1 0 0 0 0 1 1 0 1 1 1 1 0 0 0
1 0 0 1 1 0 1 1 0 1 0 0 0 1 0 0 0 1 0 1 1 0 1 1 0
0 1 0 1 0 0 0 1 1 1 0 0 1 0 1 0 1 1 1 0 0 1 0 1 0
0 1 0 1 1 0 0 1 1 0 1 0 0 1 0 1 0 0 1 1 0 0 1 0 1
0 1 1 0 1 0 0 1 0 1 0 1 0 0 1 0 1 1 0 1 1 0 0 0 1
0 1 0 0 0 1 1 1 1 0 0 1 0 1 0 1 0 1 0 0 1 1 1 0 0
0 1 1 0 0 1 0 0 0 1 1 0 1 1 0 1 1 0 0 1 0 0 1 1 0
0 1 1 1 0 0 1 0 0 0 1 1 0 1 1 0 0 0 0 1 1 1 0 1 0
0 0 0 0 1 0 1 0 0 1 1 1 1 0 1 1 0 1 1 0 0 1 1 0 0
0 0 1 1 0 0 1 1 0 0 0 1 1 0 0 1 1 0 1 0 0 0 1 1 1
0 0 0 0 1 1 1 0 1 1 0 1 0 1 0 0 1 0 1 1 0 0 0 1 1
0 0 0 1 0 1 1 0 1 0 1 0 1 0 1 0 1 1 0 1 1 0 0 0 1
0 0 1 0 1 1 0 1 0 0 1 0 1 1 0 0 0 1 1 0 1 1 0 0 1
0 0 1 1 1 1 0 0 1 1 0 0 0 0 1 1 0 0 0 0 1 1 1 1 0

Graph 9, order 25.
0 1 1 1 1 1 1 1 1 1 1 1 1 0 0 0 0 0 0 0 0 0 0 0 0
1 0 1 1 1 1 1 0 0 0 0 0 0 1 1 1 1 1 1 0 0 0 0 0 0
1 1 0 0 0 0 1 0 1 1 1 0 0 0 0 1 0 1 1 0 1 0 0 1 1
1 1 0 0 0 1 0 0 0 1 0 1 1 1 1 0 0 0 1 0 1 0 1 0 1
1 1 0 0 0 1 1 1 0 0 1 0 0 0 1 0 1 0 0 0 0 1 1 1 1
1 1 0 1 1 0 0 0 0 0 0 1 1 0 0 1 0 1 0 1 0 1 0 1 1
1 1 1 0 1 0 0 0 1 0 0 0 1 0 0 0 1 0 1 1 1 1 1 0 0
1 0 0 0 1 0 0 0 1 0 1 1 1 1 1 1 1 0 0 0 1 0 0 1 0
1 0 1 0 0 0 1 1 0 1 0 0 1 1 1 1 0 0 0 1 0 1 0 0 1
1 0 1 1 0 0 0 0 1 0 1 1 0 1 0 0 1 1 0 0 0 1 1 0 1
1 0 1 0 1 0 0 1 0 1 0 1 0 0 1 0 0 1 1 1 0 0 1 1 0
1 0 0 1 0 1 0 1 0 1 1 0 0 0 0 1 1 0 1 1 1 1 0 0 0
1 0 0 1 0 1 1 1 1 0 0 0 0 1 0 0 0 1 0 1 1 0 1 1 0
0 1 0 1 0 0 0 1 1 1 0 0 1 0 1 0 1 1 1 0 0 1 0 1 0
0 1 0 1 1 0 0 1 1 0 1 0 0 1 0 1 0 0 1 1 0 0 1 0 1
0 1 1 0 0 1 0 1 1 0 0 1 0 0 1 0 1 1 0 1 1 0 0 0 1
0 1 0 0 1 0 1 1 0 1 0 1 0 1 0 1 0 1 0 0 1 1 1 0 0
0 1 1 0 0 1 0 0 0 1 1 0 1 1 0 1 1 0 0 1 0 0 1 1 0
0 1 1 1 0 0 1 0 0 0 1 1 0 1 1 0 0 0 0 1 1 1 0 1 0
0 0 0 0 0 1 1 0 1 0 1 1 1 0 1 1 0 1 1 0 0 1 1 0 0
0 0 1 1 0 0 1 1 0 0 0 1 1 0 0 1 1 0 1 0 0 0 1 1 1
0 0 0 0 1 1 1 0 1 1 0 1 0 1 0 0 1 0 1 1 0 0 0 1 1
0 0 0 1 1 0 1 0 0 1 1 0 1 0 1 0 1 1 0 1 1 0 0 0 1
0 0 1 0 1 1 0 1 0 0 1 0 1 1 0 0 0 1 1 0 1 1 0 0 1
0 0 1 1 1 1 0 0 1 1 0 0 0 0 1 1 0 0 0 0 1 1 1 1 0

Graph 10, order 25.
0 1 1 1 1 1 1 1 1 1 1 1 1 0 0 0 0 0 0 0 0 0 0 0 0
1 0 1 1 1 1 1 0 0 0 0 0 0 1 1 1 1 1 1 0 0 0 0 0 0
1 1 0 0 0 0 0 0 0 1 1 1 1 1 1 1 1 0 0 1 1 0 0 0 0
1 1 0 0 1 0 0 1 0 1 0 1 0 0 0 0 1 1 1 1 0 1 0 1 0
1 1 0 1 0 0 0 0 1 0 1 0 1 0 0 0 1 1 1 0 1 0 1 0 1
1 1 0 0 0 0 1 0 1 1 0 0 1 1 0 1 0 0 1 0 0 1 0 1 1
1 1 0 0 0 1 0 1 0 0 1 1 0 0 1 1 0 1 0 0 0 0 1 1 1
1 0 0 1 0 0 1 0 1 1 0 1 0 1 1 0 0 1 0 0 1 1 1 0 0
1 0 0 0 1 1 0 1 0 0 1 0 1 1 1 0 0 0 1 1 0 1 1 0 0
1 0 1 1 0 1 0 1 0 0 0 0 1 0 0 1 1 0 0 0 1 1 1 1 0
1 0 1 0 1 0 1 0 1 0 0 1 0 0 0 1 1 0 0 1 0 1 1 0 1
1 0 1 1 0 0 1 1 0 0 1 0 0 1 0 0 0 0 1 1 1 0 0 1 1
1 0 1 0 1 1 0 0 1 1 0 0 0 0 1 0 0 1 0 1 1 0 0 1 1
0 1 1 0 0 1 0 1 1 0 0 1 0 0 1 0 1 0 1 0 1 1 0 0 1
0 1 1 0 0 0 1 1 1 0 0 0 1 1 0 0 1 1 0 1 0 0 1 1 0
0 1 1 0 0 1 1 0 0 1 1 0 0 0 0 0 0 1 1 1 1 1 1 0 0
0 1 1 1 1 0 0 0 0 1 1 0 0 1 1 0 0 0 0 0 0 1 1 1 1
0 1 0 1 1 0 1 1 0 0 0 0 1 0 1 1 0 0 0 1 1 1 0 0 1
0 1 0 1 1 1 0 0 1 0 0 1 0 1 0 1 0 0 0 1 1 0 1 1 0
0 0 1 1 0 0 0 0 1 0 1 1 1 0 1 1 0 1 1 0 0 1 0 1 0
0 0 1 0 1 0 0 1 0 1 0 1 1 1 0 1 0 1 1 0 0 0 1 0 1
0 0 0 1 0 1 0 1 1 1 1 0 0 1 0 1 1 1 0 1 0 0 0 0 1
0 0 0 0 1 0 1 1 1 1 1 0 0 0 1 1 1 0 1 0 1 0 0 1 0
0 0 0 1 0 1 1 0 0 1 0 1 1 0 1 0 1 0 1 1 0 0 1 0 1
0 0 0 0 1 1 1 0 0 0 1 1 1 1 0 0 1 1 0 0 1 1 0 1 0

Graph 11, order 25.
0 1 1 1 1 1 1 1 1 1 1 1 1 0 0 0 0 0 0 0 0 0 0 0 0
1 0 1 1 1 1 1 0 0 0 0 0 0 1 1 1 1 1 1 0 0 0 0 0 0
1 1 0 0 0 0 0 0 0 1 1 1 1 1 1 1 1 0 0 1 1 0 0 0 0
1 1 0 0 1 0 0 1 0 1 0 1 0 0 0 0 1 1 1 1 0 1 0 1 0
1 1 0 1 0 0 0 0 1 0 1 0 1 0 0 0 1 1 1 0 1 0 1 0 1
1 1 0 0 0 0 1 1 0 0 1 0 1 1 0 1 0 0 1 0 0 1 0 1 1
1 1 0 0 0 1 0 0 1 1 0 1 0 0 1 1 0 1 0 0 0 0 1 1 1
1 0 0 1 0 1 0 0 1 0 1 1 0 1 1 0 0 0 1 1 0 1 1 0 0
1 0 0 0 1 0 1 1 0 1 0 0 1 1 1 0 0 1 0 0 1 1 1 0 0
1 0 1 1 0 0 1 0 1 0 0 0 1 0 0 1 1 0 0 1 0 1 1 1 0
1 0 1 0 1 1 0 1 0 0 0 1 0 0 0 1 1 0 0 0 1 1 1 0 1
1 0 1 1 0 0 1 1 0 0 1 0 0 0 1 0 0 1 0 1 1 0 0 1 1
1 0 1 0 1 1 0 0 1 1 0 0 0 1 0 0 0 0 1 1 1 0 0 1 1
0 1 1 0 0 1 0 1 1 0 0 0 1 0 1 0 1 1 0 1 0 1 0 0 1
0 1 1 0 0 0 1 1 1 0 0 1 0 1 0 0 1 0 1 0 1 0 1 1 0
0 1 1 0 0 1 1 0 0 1 1 0 0 0 0 0 0 1 1 1 1 1 1 0 0
0 1 1 1 1 0 0 0 0 1 1 0 0 1 1 0 0 0 0 0 0 1 1 1 1
0 1 0 1 1 0 1 0 1 0 0 1 0 1 0 1 0 0 0 1 1 1 0 0 1
0 1 0 1 1 1 0 1 0 0 0 0 1 0 1 1 0 0 0 1 1 0 1 1 0
0 0 1 1 0 0 0 1 0 1 0 1 1 1 0 1 0 1 1 0 0 0 1 0 1
0 0 1 0 1 0 0 0 1 0 1 1 1 0 1 1 0 1 1 0 0 1 0 1 0
0 0 0 1 0 1 0 1 1 1 1 0 0 1 0 1 1 1 0 0 1 0 0 1 0
0 0 0 0 1 0 1 1 1 1 1 0 0 0 1 1 1 0 1 1 0 0 0 0 1
0 0 0 1 0 1 1 0 0 1 0 1 1 0 1 0 1 0 1 0 1 1 0 0 1
0 0 0 0 1 1 1 0 0 0 1 1 1 1 0 0 1 1 0 1 0 0 1 1 0

Graph 12, order 25.
0 1 1 1 1 1 1 1 1 1 1 1 1 0 0 0 0 0 0 0 0 0 0 0 0
1 0 1 1 1 1 1 0 0 0 0 0 0 1 1 1 1 1 1 0 0 0 0 0 0
1 1 0 0 0 0 0 0 0 1 1 1 1 1 1 1 1 0 0 1 1 0 0 0 0
1 1 0 0 1 0 0 1 0 1 0 1 0 0 0 0 1 1 1 1 0 1 0 1 0
1 1 0 1 0 0 0 0 1 0 1 0 1 0 0 0 1 1 1 0 1 0 1 0 1
1 1 0 0 0 0 1 1 0 1 0 0 1 0 1 1 0 0 1 0 0 0 1 1 1
1 1 0 0 0 1 0 0 1 0 1 1 0 1 0 1 0 1 0 0 0 1 0 1 1
1 0 0 1 0 1 0 0 1 1 0 0 1 1 1 0 0 1 0 1 0 1 1 0 0
1 0 0 0 1 0 1 1 0 0 1 1 0 1 1 0 0 0 1 0 1 1 1 0 0
1 0 1 1 0 1 0 1 0 0 0 1 0 0 0 1 1 0 0 0 1 1 1 0 1
1 0 1 0 1 0 1 0 1 0 0 0 1 0 0 1 1 0 0 1 0 1 1 1 0
1 0 1 1 0 0 1 0 1 1 0 0 0 1 0 0 0 0 1 1 1 0 0 1 1
1 0 1 0 1 1 0 1 0 0 1 0 0 0 1 0 0 1 0 1 1 0 0 1 1
0 1 1 0 0 0 1 1 1 0 0 1 0 0 1 0 1 1 0 1 0 0 1 0 1
0 1 1 0 0 1 0 1 1 0 0 0 1 1 0 0 1 0 1 0 1 1 0 1 0
0 1 1 0 0 1 1 0 0 1 1 0 0 0 0 0 0 1 1 1 1 1 1 0 0
0 1 1 1 1 0 0 0 0 1 1 0 0 1 1 0 0 0 0 0 0 1 1 1 1
0 1 0 1 1 0 1 1 0 0 0 0 1 1 0 1 0 0 0 1 1 1 0 0 1
0 1 0 1 1 1 0 0 1 0 0 1 0 0 1 1 0 0 0 1 1 0 1 1 0
0 0 1 1 0 0 0 1 0 0 1 1 1 1 0 1 0 1 1 0 0 0 1 1 0
0 0 1 0 1 0 0 0 1 1 0 1 1 0 1 1 0 1 1 0 0 1 0 0 1
0 0 0 1 0 0 1 1 1 1 1 0 0 0 1 1 1 1 0 0 1 0 0 1 0
0 0 0 0 1 1 0 1 1 1 1 0 0 1 0 1 1 0 1 1 0 0 0 0 1
0 0 0 1 0 1 1 0 0 0 1 1 1 0 1 0 1 0 1 1 0 1 0 0 1
0 0 0 0 1 1 1 0 0 1 0 1 1 1 0 0 1 1 0 0 1 0 1 1 0

Graph 13, order 25.
0 1 1 1 1 1 1 1 1 1 1 1 1 0 0 0 0 0 0 0 0 0 0 0 0
1 0 1 1 1 1 1 0 0 0 0 0 0 1 1 1 1 1 1 0 0 0 0 0 0
1 1 0 0 0 1 0 0 0 0 1 1 1 0 1 1 1 0 0 0 0 1 0 1 1
1 1 0 0 1 0 0 0 0 1 0 1 1 1 1 0 0 0 1 0 1 0 1 0 1
1 1 0 1 0 0 1 0 1 0 0 0 1 0 0 1 0 1 0 1 1 0 0 1 1
1 1 1 0 0 0 1 1 0 1 0 0 0 0 0 0 0 1 1 0 0 1 1 1 1
1 1 0 0 1 1 0 0 1 0 1 0 0 0 0 0 1 0 1 1 1 1 1 0 0
1 0 0 0 0 1 0 0 1 1 1 1 0 1 0 1 0 1 1 0 1 0 0 1 0
1 0 0 0 1 0 1 1 0 1 1 0 0 1 1 1 0 0 0 1 0 1 0 0 1
1 0 0 1 0 1 0 1 1 0 0 1 0 0 1 0 1 1 0 1 0 0 1 0 1
1 0 1 0 0 0 1 1 1 0 0 0 1 1 1 0 1 0 0 0 1 0 1 1 0
1 0 1 1 0 0 0 1 0 1 0 0 1 0 0 1 1 0 1 1 1 1 0 0 0
1 0 1 1 1 0 0 0 0 0 1 1 0 1 0 0 0 1 0 1 0 1 1 1 0
0 1 0 1 0 0 0 1 1 0 1 0 1 0 1 1 0 1 1 0 0 1 1 0 0
0 1 1 1 0 0 0 0 1 1 1 0 0 1 0 0 1 0 1 1 0 0 0 1 1
0 1 1 0 1 0 0 1 1 0 0 1 0 1 0 0 1 1 0 0 1 1 0 0 1
0 1 1 0 0 0 1 0 0 1 1 1 0 0 1 1 0 1 0 1 1 0 1 0 0
0 1 0 0 1 1 0 1 0 1 0 0 1 1 0 1 1 0 0 1 0 0 1 1 0
0 1 0 1 0 1 1 1 0 0 0 1 0 1 1 0 0 0 0 1 1 1 0 1 0
0 0 0 0 1 0 1 0 1 1 0 1 1 0 1 0 1 1 1 0 0 1 0 1 0
0 0 0 1 1 0 1 1 0 0 1 1 0 0 0 1 1 0 1 0 0 0 1 1 1
0 0 1 0 0 1 1 0 1 0 0 1 1 1 0 1 0 0 1 1 0 0 1 0 1
0 0 0 1 0 1 1 0 0 1 1 0 1 1 0 0 1 1 0 0 1 1 0 0 1
0 0 1 0 1 1 0 1 0 0 1 0 1 0 1 0 0 1 1 1 1 0 0 0 1
0 0 1 1 1 1 0 0 1 1 0 0 0 0 1 1 0 0 0 0 1 1 1 1 0

Graph 14, order 25.
0 1 1 1 1 1 1 1 1 1 1 1 1 0 0 0 0 0 0 0 0 0 0 0 0
1 0 1 1 1 1 1 0 0 0 0 0 0 1 1 1 1 1 1 0 0 0 0 0 0
1 1 0 1 0 0 0 0 1 0 1 0 1 0 1 0 1 0 1 0 1 0 0 1 1
1 1 1 0 0 0 0 0 0 1 0 1 1 0 0 1 0 1 1 0 0 1 1 0 1
1 1 0 0 0 1 1 0 0 0 1 1 0 0 1 1 0 0 0 1 0 1 0 1 1
1 1 0 0 1 0 1 0 1 1 0 0 0 0 0 0 1 1 0 1 1 0 1 0 1
1 1 0 0 1 1 0 1 0 0 0 0 1 1 0 0 0 0 1 0 1 1 1 1 0
1 0 0 0 0 0 1 0 1 1 1 0 1 1 1 1 0 1 0 0 1 1 0 0 0
1 0 1 0 0 1 0 1 0 1 1 0 0 1 1 0 0 0 1 1 0 0 1 0 1
1 0 0 1 0 1 0 1 1 0 0 1 0 0 1 0 1 1 0 0 0 1 1 1 0
1 0 1 0 1 0 0 1 1 0 0 1 0 0 0 1 0 1 1 1 1 0 0 1 0
1 0 0 1 1 0 0 0 0 1 1 0 1 1 0 1 1 0 0 1 0 0 1 1 0
1 0 1 1 0 0 1 1 0 0 0 1 0 1 0 0 1 0 0 1 1 1 0 0 1
0 1 0 0 0 0 1 1 1 0 0 1 1 0 1 1 1 0 1 1 0 0 1 0 0
0 1 1 0 1 0 0 1 1 1 0 0 0 1 0 1 1 0 0 0 0 1 0 1 1
0 1 0 1 1 0 0 1 0 0 1 1 0 1 1 0 0 1 0 0 1 0 1 0 1
0 1 1 0 0 1 0 0 0 1 0 1 1 1 1 0 0 1 0 1 1 0 0 1 0
0 1 0 1 0 1 0 1 0 1 1 0 0 0 0 1 1 0 1 1 1 1 0 0 0
0 1 1 1 0 0 1 0 1 0 1 0 0 1 0 0 0 1 0 1 0 1 1 1 0
0 0 0 0 1 1 0 0 1 0 1 1 1 1 0 0 1 1 1 0 0 1 0 0 1
0 0 1 0 0 1 1 1 0 0 1 0 1 0 0 1 1 1 0 0 0 0 1 1 1
0 0 0 1 1 0 1 1 0 1 0 0 1 0 1 0 0 1 1 1 0 0 0 1 1
0 0 0 1 0 1 1 0 1 1 0 1 0 1 0 1 0 0 1 0 1 0 0 1 1
0 0 1 0 1 0 1 0 0 1 1 1 0 0 1 0 1 0 1 0 1 1 1 0 0
0 0 1 1 1 1 0 0 1 0 0 0 1 0 1 1 0 0 0 1 1 1 1 0 0

Graph 15, order 25.
0 1 1 1 1 1 1 1 1 1 1 1 1 0 0 0 0 0 0 0 0 0 0 0 0
1 0 1 1 1 1 1 0 0 0 0 0 0 1 1 1 1 1 1 0 0 0 0 0 0
1 1 0 1 0 0 0 0 1 1 0 0 1 0 1 0 1 0 1 0 1 0 0 1 1
1 1 1 0 0 0 0 0 0 0 1 1 1 0 0 1 0 1 1 0 0 1 1 0 1
1 1 0 0 0 1 1 0 1 1 0 0 0 0 0 1 0 1 0 1 0 1 0 1 1
1 1 0 0 1 0 1 1 0 0 0 0 1 1 0 0 0 0 1 1 1 0 1 0 1
1 1 0 0 1 1 0 0 0 0 1 1 0 0 1 0 1 0 0 0 1 1 1 1 0
1 0 0 0 0 1 0 0 1 1 1 0 1 1 0 1 1 1 0 0 1 0 1 0 0
1 0 1 0 1 0 0 1 0 1 0 1 0 0 1 0 1 1 0 1 0 0 1 0 1
1 0 1 0 1 0 0 1 1 0 0 1 0 1 0 1 0 0 1 0 1 1 0 1 0
1 0 0 1 0 0 1 1 0 0 0 1 1 0 1 1 0 1 0 1 1 0 0 1 0
1 0 0 1 0 0 1 0 1 1 1 0 0 1 1 0 0 0 1 1 0 1 1 0 0
1 0 1 1 0 1 0 1 0 0 1 0 0 1 0 0 1 0 0 1 0 1 0 1 1
0 1 0 0 0 1 0 1 0 1 0 1 1 0 1 1 1 0 1 1 0 1 0 0 0
0 1 1 0 0 0 1 0 1 0 1 1 0 1 0 1 1 0 0 1 1 0 0 0 1
0 1 0 1 1 0 0 1 0 1 1 0 0 1 1 0 0 1 0 0 1 1 0 0 1
0 1 1 0 0 0 1 1 1 0 0 0 1 1 1 0 0 1 0 0 0 1 1 1 0
0 1 0 1 1 0 0 1 1 0 1 0 0 0 0 1 1 0 1 1 0 0 1 1 0
0 1 1 1 0 1 0 0 0 1 0 1 0 1 0 0 0 1 0 1 1 0 1 1 0
0 0 0 0 1 1 0 0 1 0 1 1 1 1 1 0 0 1 1 0 0 0 0 1 1
0 0 1 0 0 1 1 1 0 1 1 0 0 0 1 1 0 0 1 0 0 0 1 1 1
0 0 0 1 1 0 1 0 0 1 0 1 1 1 0 1 1 0 0 0 0 0 1 1 1
0 0 0 1 0 1 1 1 1 0 0 1 0 0 0 0 1 1 1 0 1 1 0 0 1
0 0 1 0 1 0 1 0 0 1 1 0 1 0 0 0 1 1 1 1 1 1 0 0 0
0 0 1 1 1 1 0 0 1 0 0 0 1 0 1 1 0 0 0 1 1 1 1 0 0
