0 0 0 0 
0 0 0 0 
0 0 0 0 
0 0 0 0 
0.0308294
0 1 0 0 
1 0 0 0 
0 0 0 0 
0 0 0 0 
0.180321
0 1 1 0 
1 0 0 0 
1 0 0 0 
0 0 0 0 
0.265605
0 1 1 1 
1 0 0 0 
1 0 0 0 
1 0 0 0 
0.0506488
0 1 1 0 
1 0 1 0 
1 1 0 0 
0 0 0 0 
0.0419532
0 0 0 1 
0 0 1 0 
0 1 0 0 
1 0 0 0 
0.0664013
0 1 0 1 
1 0 1 0 
0 1 0 0 
1 0 0 0 
0.20412
0 1 1 1 
1 0 1 0 
1 1 0 0 
1 0 0 0 
0.109084
0 0 1 1 
0 0 1 1 
1 1 0 0 
1 1 0 0 
0.0272709
0 1 1 1 
1 0 1 1 
1 1 0 0 
1 1 0 0 
0.0237993
0 1 1 1 
1 0 1 1 
1 1 0 1 
1 1 1 0 
0.000394649
Total: 1.00043