Graph 1
0, 1, 2
0, 1, 3
0, 1, 4
0, 2, 9
0, 2, 10
0, 3, 7
0, 3, 9
0, 4, 8
0, 4, 10
0, 5, 7
0, 5, 8
0, 5, 9
0, 6, 7
0, 6, 8
0, 6, 10
1, 2, 13
1, 2, 14
1, 3, 11
1, 3, 15
1, 4, 12
1, 4, 16
1, 11, 13
1, 11, 15
1, 12, 14
1, 12, 16
1, 13, 16
1, 14, 15
2, 9, 18
2, 9, 24
2, 10, 19
2, 10, 23
2, 13, 19
2, 13, 24
2, 14, 18
2, 14, 23
2, 18, 24
2, 19, 23
3, 7, 23
3, 7, 25
3, 9, 20
3, 9, 22
3, 11, 15
3, 11, 20
3, 15, 22
3, 20, 23
3, 22, 25
3, 23, 25
4, 8, 24
4, 8, 25
4, 10, 21
4, 10, 22
4, 12, 16
4, 12, 21
4, 16, 22
4, 21, 24
4, 22, 25
4, 24, 25
5, 7, 13
5, 7, 21
5, 8, 15
5, 8, 19
5, 9, 12
5, 9, 17
5, 12, 17
5, 12, 21
5, 13, 17
5, 13, 19
5, 15, 19
5, 15, 21
6, 7, 16
6, 7, 18
6, 8, 14
6, 8, 20
6, 10, 11
6, 10, 17
6, 11, 17
6, 11, 20
6, 14, 17
6, 14, 18
6, 16, 18
6, 16, 20
7, 13, 16
7, 13, 25
7, 16, 18
7, 18, 21
7, 21, 23
7, 23, 25
8, 14, 15
8, 14, 25
8, 15, 19
8, 19, 20
8, 20, 24
8, 24, 25
9, 12, 17
9, 12, 20
9, 17, 22
9, 18, 22
9, 18, 24
9, 20, 24
10, 11, 17
10, 11, 21
10, 17, 22
10, 19, 22
10, 19, 23
10, 21, 23
11, 13, 17
11, 13, 24
11, 15, 21
11, 20, 24
11, 21, 24
12, 14, 17
12, 14, 23
12, 16, 20
12, 20, 23
12, 21, 23
13, 16, 19
13, 17, 25
13, 24, 25
14, 15, 18
14, 17, 25
14, 23, 25
15, 18, 21
15, 18, 22
15, 19, 22
16, 18, 22
16, 19, 20
16, 19, 22
17, 22, 25
18, 21, 24
19, 20, 23
Graph 2
0, 1, 2
0, 1, 3
0, 1, 4
0, 2, 9
0, 2, 10
0, 3, 7
0, 3, 9
0, 4, 8
0, 4, 10
0, 5, 7
0, 5, 8
0, 5, 9
0, 6, 7
0, 6, 8
0, 6, 10
1, 2, 13
1, 2, 14
1, 3, 11
1, 3, 15
1, 4, 12
1, 4, 16
1, 11, 12
1, 11, 14
1, 12, 13
1, 13, 15
1, 14, 16
1, 15, 16
2, 9, 19
2, 9, 24
2, 10, 18
2, 10, 23
2, 13, 19
2, 13, 24
2, 14, 18
2, 14, 23
2, 18, 19
2, 23, 24
3, 7, 20
3, 7, 25
3, 9, 11
3, 9, 22
3, 11, 25
3, 15, 22
3, 15, 23
3, 20, 22
3, 20, 23
3, 23, 25
4, 8, 21
4, 8, 25
4, 10, 12
4, 10, 22
4, 12, 25
4, 16, 22
4, 16, 24
4, 21, 22
4, 21, 24
4, 24, 25
5, 7, 16
5, 7, 20
5, 8, 14
5, 8, 19
5, 9, 17
5, 9, 19
5, 12, 17
5, 12, 19
5, 12, 20
5, 14, 16
5, 14, 20
5, 16, 17
6, 7, 13
6, 7, 18
6, 8, 15
6, 8, 21
6, 10, 17
6, 10, 18
6, 11, 17
6, 11, 18
6, 11, 21
6, 13, 15
6, 13, 21
6, 15, 17
7, 13, 20
7, 13, 24
7, 16, 18
7, 16, 24
7, 18, 25
7, 24, 25
8, 14, 21
8, 14, 23
8, 15, 19
8, 15, 23
8, 19, 25
8, 23, 25
9, 11, 17
9, 11, 21
9, 17, 24
9, 19, 22
9, 21, 22
9, 21, 24
10, 12, 17
10, 12, 20
10, 17, 23
10, 18, 22
10, 20, 22
10, 20, 23
11, 12, 17
11, 12, 25
11, 14, 18
11, 14, 21
11, 18, 25
12, 13, 19
12, 13, 20
12, 19, 25
13, 15, 19
13, 20, 21
13, 21, 24
14, 16, 18
14, 20, 21
14, 20, 23
15, 16, 17
15, 16, 22
15, 17, 23
15, 19, 22
16, 17, 24
16, 18, 22
17, 23, 24
18, 19, 22
18, 19, 25
20, 21, 22
23, 24, 25
Graph 3
0, 1, 2
0, 1, 3
0, 1, 4
0, 2, 8
0, 2, 10
0, 3, 6
0, 3, 10
0, 4, 7
0, 4, 9
0, 5, 6
0, 5, 7
0, 5, 10
0, 6, 9
0, 7, 8
0, 8, 9
1, 2, 14
1, 2, 15
1, 3, 15
1, 3, 16
1, 4, 13
1, 4, 16
1, 11, 12
1, 11, 13
1, 11, 15
1, 12, 14
1, 12, 16
1, 13, 14
2, 8, 14
2, 8, 18
2, 10, 18
2, 10, 23
2, 14, 22
2, 15, 22
2, 15, 25
2, 18, 25
2, 22, 23
2, 23, 25
3, 6, 17
3, 6, 20
3, 10, 17
3, 10, 24
3, 15, 20
3, 15, 21
3, 16, 17
3, 16, 21
3, 20, 24
3, 21, 24
4, 7, 19
4, 7, 25
4, 9, 16
4, 9, 19
4, 13, 24
4, 13, 25
4, 16, 23
4, 19, 24
4, 23, 24
4, 23, 25
5, 6, 13
5, 6, 22
5, 7, 12
5, 7, 21
5, 10, 11
5, 10, 23
5, 11, 12
5, 11, 13
5, 12, 23
5, 13, 21
5, 21, 22
5, 22, 23
6, 9, 20
6, 9, 22
6, 13, 14
6, 13, 25
6, 14, 17
6, 14, 22
6, 17, 25
6, 20, 25
7, 8, 12
7, 8, 21
7, 12, 17
7, 15, 19
7, 15, 21
7, 15, 25
7, 17, 19
7, 17, 25
8, 9, 18
8, 9, 20
8, 12, 14
8, 12, 20
8, 14, 24
8, 18, 21
8, 20, 24
8, 21, 24
9, 11, 18
9, 11, 19
9, 11, 20
9, 16, 18
9, 16, 22
9, 19, 22
10, 11, 18
10, 11, 19
10, 17, 18
10, 17, 19
10, 19, 24
10, 23, 24
11, 12, 20
11, 13, 18
11, 15, 19
11, 15, 20
12, 14, 17
12, 16, 17
12, 16, 23
12, 20, 23
13, 14, 24
13, 18, 21
13, 18, 25
13, 21, 24
14, 17, 19
14, 19, 22
14, 19, 24
15, 19, 22
15, 20, 25
15, 21, 22
16, 17, 18
16, 18, 21
16, 21, 22
16, 22, 23
17, 18, 25
20, 23, 24
20, 23, 25
Graph 4
0, 1, 2
0, 1, 3
0, 1, 4
0, 2, 6
0, 2, 10
0, 3, 7
0, 3, 9
0, 4, 8
0, 4, 10
0, 5, 6
0, 5, 8
0, 5, 9
0, 6, 7
0, 7, 8
0, 9, 10
1, 2, 12
1, 2, 15
1, 3, 14
1, 3, 16
1, 4, 13
1, 4, 16
1, 11, 13
1, 11, 15
1, 11, 16
1, 12, 13
1, 12, 14
1, 14, 15
2, 6, 12
2, 6, 25
2, 10, 15
2, 10, 22
2, 12, 24
2, 15, 19
2, 19, 22
2, 19, 25
2, 22, 24
2, 24, 25
3, 7, 14
3, 7, 17
3, 9, 14
3, 9, 24
3, 16, 23
3, 16, 25
3, 17, 23
3, 17, 25
3, 23, 24
3, 24, 25
4, 8, 13
4, 8, 18
4, 10, 20
4, 10, 21
4, 13, 20
4, 16, 21
4, 16, 25
4, 18, 21
4, 18, 25
4, 20, 25
5, 6, 11
5, 6, 12
5, 8, 19
5, 8, 23
5, 9, 11
5, 9, 20
5, 11, 16
5, 12, 20
5, 12, 23
5, 16, 19
5, 16, 23
5, 19, 20
6, 7, 17
6, 7, 21
6, 11, 17
6, 11, 18
6, 12, 21
6, 17, 25
6, 18, 21
6, 18, 25
7, 8, 13
7, 8, 19
7, 13, 17
7, 13, 22
7, 14, 19
7, 14, 21
7, 19, 22
7, 21, 22
8, 13, 24
8, 15, 18
8, 15, 19
8, 15, 23
8, 18, 24
8, 23, 24
9, 10, 20
9, 10, 22
9, 11, 18
9, 11, 22
9, 14, 18
9, 14, 20
9, 18, 24
9, 22, 24
10, 15, 17
10, 15, 23
10, 17, 20
10, 17, 23
10, 21, 22
10, 21, 23
11, 13, 17
11, 13, 22
11, 15, 17
11, 15, 18
11, 16, 22
12, 13, 20
12, 13, 24
12, 14, 20
12, 14, 21
12, 21, 23
12, 23, 24
13, 17, 20
13, 22, 24
14, 15, 18
14, 15, 19
14, 18, 21
14, 19, 20
15, 17, 23
16, 19, 22
16, 19, 25
16, 21, 22
16, 21, 23
17, 20, 25
18, 24, 25
19, 20, 25
Graph 5
0, 1, 2
0, 1, 3
0, 1, 4
0, 2, 7
0, 2, 8
0, 3, 4
0, 3, 9
0, 4, 10
0, 5, 7
0, 5, 9
0, 5, 10
0, 6, 8
0, 6, 9
0, 6, 10
0, 7, 8
1, 2, 13
1, 2, 14
1, 3, 4
1, 3, 16
1, 4, 15
1, 11, 14
1, 11, 15
1, 11, 16
1, 12, 13
1, 12, 15
1, 12, 16
1, 13, 14
2, 7, 8
2, 7, 22
2, 8, 21
2, 13, 14
2, 13, 24
2, 14, 23
2, 21, 23
2, 21, 24
2, 22, 23
2, 22, 24
3, 4, 25
3, 9, 17
3, 9, 21
3, 16, 20
3, 16, 23
3, 17, 21
3, 17, 25
3, 20, 23
3, 20, 25
3, 21, 23
4, 10, 19
4, 10, 22
4, 15, 19
4, 15, 24
4, 18, 22
4, 18, 24
4, 18, 25
4, 19, 25
4, 22, 24
5, 7, 15
5, 7, 20
5, 9, 14
5, 9, 18
5, 10, 12
5, 10, 23
5, 12, 15
5, 12, 18
5, 14, 18
5, 14, 23
5, 15, 20
5, 20, 23
6, 8, 16
6, 8, 19
6, 9, 11
6, 9, 24
6, 10, 13
6, 10, 19
6, 11, 16
6, 11, 19
6, 13, 20
6, 13, 24
6, 16, 20
6, 20, 24
7, 8, 25
7, 11, 15
7, 11, 17
7, 11, 22
7, 15, 20
7, 17, 22
7, 17, 25
7, 20, 25
8, 12, 16
8, 12, 18
8, 12, 21
8, 16, 18
8, 18, 25
8, 19, 21
8, 19, 25
9, 11, 14
9, 11, 17
9, 14, 18
9, 17, 21
9, 18, 24
9, 21, 24
10, 12, 13
10, 12, 17
10, 13, 17
10, 17, 22
10, 19, 23
10, 22, 23
11, 14, 19
11, 15, 19
11, 16, 22
11, 17, 22
12, 13, 17
12, 15, 21
12, 16, 18
12, 17, 21
13, 14, 25
13, 17, 25
13, 20, 24
13, 20, 25
14, 18, 25
14, 19, 23
14, 19, 25
15, 19, 21
15, 20, 24
15, 21, 24
16, 18, 22
16, 20, 23
16, 22, 23
18, 22, 24
19, 21, 23
Graph 6
0, 1, 2
0, 1, 3
0, 1, 4
0, 2, 7
0, 2, 8
0, 3, 4
0, 3, 9
0, 4, 10
0, 5, 6
0, 5, 8
0, 5, 9
0, 6, 7
0, 6, 10
0, 7, 9
0, 8, 10
1, 2, 13
1, 2, 14
1, 3, 4
1, 3, 15
1, 4, 16
1, 11, 12
1, 11, 13
1, 11, 15
1, 12, 13
1, 12, 16
1, 14, 15
1, 14, 16
2, 7, 21
2, 7, 22
2, 8, 21
2, 8, 22
2, 13, 23
2, 13, 24
2, 14, 23
2, 14, 24
2, 21, 24
2, 22, 23
3, 4, 25
3, 9, 17
3, 9, 23
3, 15, 17
3, 15, 19
3, 17, 21
3, 19, 21
3, 19, 23
3, 21, 25
3, 23, 25
4, 10, 18
4, 10, 24
4, 16, 18
4, 16, 20
4, 18, 22
4, 20, 22
4, 20, 24
4, 22, 25
4, 24, 25
5, 6, 14
5, 6, 25
5, 8, 12
5, 8, 15
5, 9, 12
5, 9, 20
5, 12, 25
5, 14, 15
5, 14, 24
5, 15, 20
5, 20, 24
5, 24, 25
6, 7, 11
6, 7, 16
6, 10, 11
6, 10, 19
6, 11, 25
6, 14, 16
6, 14, 23
6, 16, 19
6, 19, 23
6, 23, 25
7, 9, 17
7, 9, 20
7, 11, 17
7, 11, 22
7, 16, 20
7, 16, 21
7, 17, 21
7, 20, 22
8, 10, 18
8, 10, 19
8, 12, 18
8, 12, 21
8, 15, 19
8, 15, 22
8, 18, 22
8, 19, 21
9, 12, 13
9, 12, 18
9, 13, 20
9, 13, 23
9, 17, 18
9, 18, 23
10, 11, 13
10, 11, 17
10, 13, 19
10, 13, 24
10, 17, 18
10, 17, 24
11, 12, 13
11, 12, 25
11, 15, 17
11, 15, 22
11, 22, 25
12, 16, 18
12, 16, 21
12, 21, 25
13, 19, 20
13, 19, 23
13, 20, 24
14, 15, 17
14, 16, 18
14, 17, 18
14, 17, 24
14, 18, 23
15, 19, 20
15, 20, 22
16, 19, 20
16, 19, 21
17, 21, 24
18, 22, 23
21, 24, 25
22, 23, 25
Graph 7
0, 1, 2
0, 1, 3
0, 1, 4
0, 2, 7
0, 2, 8
0, 3, 4
0, 3, 9
0, 4, 10
0, 5, 6
0, 5, 8
0, 5, 9
0, 6, 7
0, 6, 10
0, 7, 9
0, 8, 10
1, 2, 13
1, 2, 14
1, 3, 4
1, 3, 15
1, 4, 16
1, 11, 12
1, 11, 13
1, 11, 15
1, 12, 13
1, 12, 16
1, 14, 15
1, 14, 16
2, 7, 21
2, 7, 22
2, 8, 21
2, 8, 22
2, 13, 23
2, 13, 24
2, 14, 23
2, 14, 24
2, 21, 24
2, 22, 23
3, 4, 25
3, 9, 17
3, 9, 19
3, 15, 19
3, 15, 21
3, 17, 21
3, 17, 23
3, 19, 23
3, 21, 25
3, 23, 25
4, 10, 18
4, 10, 20
4, 16, 20
4, 16, 22
4, 18, 22
4, 18, 24
4, 20, 24
4, 22, 25
4, 24, 25
5, 6, 14
5, 6, 25
5, 8, 12
5, 8, 19
5, 9, 19
5, 9, 24
5, 12, 16
5, 12, 25
5, 14, 16
5, 14, 24
5, 16, 19
5, 24, 25
6, 7, 11
6, 7, 20
6, 10, 20
6, 10, 23
6, 11, 15
6, 11, 25
6, 14, 15
6, 14, 23
6, 15, 20
6, 23, 25
7, 9, 11
7, 9, 17
7, 11, 22
7, 16, 17
7, 16, 20
7, 16, 22
7, 17, 21
7, 20, 21
8, 10, 12
8, 10, 18
8, 12, 21
8, 15, 18
8, 15, 19
8, 15, 21
8, 18, 22
8, 19, 22
9, 11, 13
9, 11, 18
9, 13, 19
9, 13, 24
9, 17, 18
9, 18, 24
10, 12, 13
10, 12, 17
10, 13, 20
10, 13, 23
10, 17, 18
10, 17, 23
11, 12, 13
11, 12, 25
11, 15, 18
11, 18, 22
11, 22, 25
12, 16, 17
12, 17, 21
12, 21, 25
13, 19, 20
13, 19, 23
13, 20, 24
14, 15, 18
14, 16, 17
14, 17, 18
14, 17, 23
14, 18, 24
15, 19, 20
15, 20, 21
16, 19, 20
16, 19, 22
19, 22, 23
20, 21, 24
21, 24, 25
22, 23, 25
Graph 8
0, 1, 2
0, 1, 3
0, 1, 4
0, 2, 7
0, 2, 8
0, 3, 4
0, 3, 9
0, 4, 10
0, 5, 6
0, 5, 7
0, 5, 9
0, 6, 9
0, 6, 10
0, 7, 8
0, 8, 10
1, 2, 13
1, 2, 14
1, 3, 4
1, 3, 15
1, 4, 16
1, 11, 12
1, 11, 14
1, 11, 15
1, 12, 15
1, 12, 16
1, 13, 14
1, 13, 16
2, 7, 8
2, 7, 24
2, 8, 22
2, 13, 14
2, 13, 22
2, 14, 23
2, 21, 22
2, 21, 23
2, 21, 24
2, 23, 24
3, 4, 25
3, 9, 19
3, 9, 22
3, 15, 17
3, 15, 24
3, 17, 24
3, 17, 25
3, 19, 22
3, 19, 24
3, 22, 25
4, 10, 20
4, 10, 21
4, 16, 18
4, 16, 20
4, 18, 23
4, 18, 25
4, 20, 23
4, 21, 23
4, 21, 25
5, 6, 9
5, 6, 13
5, 7, 11
5, 7, 25
5, 9, 23
5, 11, 15
5, 11, 25
5, 13, 20
5, 13, 25
5, 15, 20
5, 15, 23
5, 20, 23
6, 9, 12
6, 10, 17
6, 10, 21
6, 12, 16
6, 12, 21
6, 13, 16
6, 13, 17
6, 16, 24
6, 17, 24
6, 21, 24
7, 8, 18
7, 11, 19
7, 11, 25
7, 16, 18
7, 16, 19
7, 16, 24
7, 18, 25
7, 19, 24
8, 10, 17
8, 10, 20
8, 12, 15
8, 12, 18
8, 12, 22
8, 15, 17
8, 15, 20
8, 17, 18
8, 20, 22
9, 12, 18
9, 12, 22
9, 14, 18
9, 14, 19
9, 14, 23
9, 18, 23
9, 19, 22
10, 11, 14
10, 11, 19
10, 11, 21
10, 14, 17
10, 14, 19
10, 19, 20
11, 12, 15
11, 12, 21
11, 14, 19
11, 21, 25
12, 16, 18
12, 21, 22
13, 14, 17
13, 16, 20
13, 17, 25
13, 20, 22
13, 22, 25
14, 17, 18
14, 18, 23
15, 17, 24
15, 20, 23
15, 23, 24
16, 19, 20
16, 19, 24
17, 18, 25
19, 20, 22
21, 22, 25
21, 23, 24
Graph 9
0, 1, 2
0, 1, 3
0, 1, 4
0, 2, 7
0, 2, 8
0, 3, 4
0, 3, 9
0, 4, 10
0, 5, 6
0, 5, 7
0, 5, 10
0, 6, 8
0, 6, 9
0, 7, 9
0, 8, 10
1, 2, 13
1, 2, 14
1, 3, 4
1, 3, 15
1, 4, 16
1, 11, 12
1, 11, 13
1, 11, 15
1, 12, 13
1, 12, 16
1, 14, 15
1, 14, 16
2, 7, 22
2, 7, 24
2, 8, 21
2, 8, 23
2, 13, 23
2, 13, 24
2, 14, 21
2, 14, 22
2, 21, 22
2, 23, 24
3, 4, 25
3, 9, 19
3, 9, 21
3, 15, 17
3, 15, 23
3, 17, 19
3, 17, 23
3, 19, 21
3, 21, 25
3, 23, 25
4, 10, 20
4, 10, 22
4, 16, 18
4, 16, 24
4, 18, 20
4, 18, 24
4, 20, 22
4, 22, 25
4, 24, 25
5, 6, 14
5, 6, 25
5, 7, 15
5, 7, 24
5, 10, 11
5, 10, 19
5, 11, 15
5, 11, 25
5, 14, 15
5, 14, 19
5, 19, 24
5, 24, 25
6, 8, 16
6, 8, 23
6, 9, 12
6, 9, 20
6, 12, 16
6, 12, 25
6, 14, 16
6, 14, 20
6, 20, 23
6, 23, 25
7, 9, 12
7, 9, 18
7, 12, 17
7, 12, 22
7, 15, 17
7, 15, 18
7, 17, 22
7, 18, 24
8, 10, 11
8, 10, 17
8, 11, 18
8, 11, 21
8, 16, 17
8, 16, 18
8, 17, 23
8, 18, 21
9, 12, 13
9, 13, 19
9, 13, 20
9, 18, 20
9, 18, 21
9, 19, 21
10, 11, 13
10, 13, 19
10, 13, 20
10, 17, 19
10, 17, 22
10, 20, 22
11, 12, 13
11, 12, 25
11, 15, 18
11, 18, 21
11, 21, 25
12, 16, 17
12, 17, 22
12, 22, 25
13, 19, 24
13, 20, 23
13, 23, 24
14, 15, 20
14, 16, 19
14, 19, 21
14, 20, 22
14, 21, 22
15, 17, 23
15, 18, 20
15, 20, 23
16, 17, 19
16, 18, 24
16, 19, 24
21, 22, 25
23, 24, 25
Graph 10
0, 1, 2
0, 1, 3
0, 1, 4
0, 2, 7
0, 2, 8
0, 3, 4
0, 3, 9
0, 4, 10
0, 5, 6
0, 5, 7
0, 5, 9
0, 6, 8
0, 6, 10
0, 7, 10
0, 8, 9
1, 2, 13
1, 2, 14
1, 3, 4
1, 3, 15
1, 4, 16
1, 11, 12
1, 11, 13
1, 11, 16
1, 12, 13
1, 12, 15
1, 14, 15
1, 14, 16
2, 7, 21
2, 7, 24
2, 8, 22
2, 8, 23
2, 13, 23
2, 13, 24
2, 14, 21
2, 14, 22
2, 21, 22
2, 23, 24
3, 4, 25
3, 9, 17
3, 9, 19
3, 15, 17
3, 15, 23
3, 17, 21
3, 19, 21
3, 19, 23
3, 21, 25
3, 23, 25
4, 10, 18
4, 10, 20
4, 16, 18
4, 16, 24
4, 18, 22
4, 20, 22
4, 20, 24
4, 22, 25
4, 24, 25
5, 6, 14
5, 6, 25
5, 7, 12
5, 7, 24
5, 9, 12
5, 9, 19
5, 12, 25
5, 14, 16
5, 14, 19
5, 16, 19
5, 16, 24
5, 24, 25
6, 8, 11
6, 8, 23
6, 10, 11
6, 10, 20
6, 11, 25
6, 14, 15
6, 14, 20
6, 15, 20
6, 15, 23
6, 23, 25
7, 10, 18
7, 10, 21
7, 12, 15
7, 12, 18
7, 15, 17
7, 15, 18
7, 17, 21
7, 17, 24
8, 9, 17
8, 9, 22
8, 11, 16
8, 11, 17
8, 16, 17
8, 16, 18
8, 18, 22
8, 18, 23
9, 12, 13
9, 12, 22
9, 13, 19
9, 13, 20
9, 17, 20
9, 20, 22
10, 11, 13
10, 11, 21
10, 13, 19
10, 13, 20
10, 18, 19
10, 19, 21
11, 12, 13
11, 12, 25
11, 16, 17
11, 17, 21
11, 21, 25
12, 15, 18
12, 18, 22
12, 22, 25
13, 19, 23
13, 20, 24
13, 23, 24
14, 15, 20
14, 16, 19
14, 19, 21
14, 20, 22
14, 21, 22
15, 17, 20
15, 18, 23
16, 17, 24
16, 18, 19
17, 20, 24
18, 19, 23
21, 22, 25
23, 24, 25
