2
25
48
70
92
113
135
159
181
203
225
244
266
292
314
337
359
378
398
420
446
468
487
509
531
552
576
597
619
641
664
686
707
729
751
773
794
816
838
862
884
904
926
948
970
992
1014
1036
1058
1081
1103
1124
1146
1168
1190
1213
1234
1256
1278
1300
1323
1344
1366
1389
1410
1432
1454
1476
1499
1520
1542
1564
1588
1608
1630
1652
1676
1696
1718
1740
1762
1786
1806
1828
1850
1874
1894
1916
1938
1961
1982
2004
2027
2048
2070
2093
2114
2136
2159
2181
2202
2225
2246
2268
2290
2313
2334
2357
2378
2400
2422
2445
2467
2489
2511
2533
2556
2577
2599
2621
2643
2665
2688
2708
2730
2753
2774
2797
2818
2840
2863
2884
2907
2929
2951
2972
2994
3017
3039
3060
3082
3104
3127
3149
3172
3194
3215
3238
3260
3280
3302
3324
3346
3370
3392
3414
