0 0 0 0 
0 0 0 0 
0 0 0 0 
0 0 0 0 
0.0615954
0 1 0 0 
1 0 0 0 
0 0 0 0 
0 0 0 0 
0.184957
0 1 1 0 
1 0 0 0 
1 0 0 0 
0 0 0 0 
0.246838
0 1 1 1 
1 0 0 0 
1 0 0 0 
1 0 0 0 
0.123305
0 1 1 0 
1 0 1 0 
1 1 0 0 
0 0 0 0 
0.00022792
0 0 0 1 
0 0 1 0 
0 1 0 0 
1 0 0 0 
0.0155556
0 1 0 1 
1 0 1 0 
0 1 0 0 
1 0 0 0 
0.246838
0 1 1 1 
1 0 1 0 
1 1 0 0 
1 0 0 0 
0.0622222
0 0 1 1 
0 0 1 1 
1 1 0 0 
1 1 0 0 
0.0617094
0 1 1 1 
1 0 1 1 
1 1 0 0 
1 1 0 0 
0.00034188
0 1 1 1 
1 0 1 1 
1 1 0 1 
1 1 1 0 
5.69801e-05
Total: 1.00365