
Graph 1, order 28.
0 1 1 1 1 1 1 1 1 1 1 1 1 0 0 0 0 0 0 0 0 0 0 0 0 0 0 0
1 0 1 1 1 1 1 1 0 0 0 0 0 1 1 1 1 1 0 0 0 0 0 0 0 0 0 0
1 1 0 0 1 1 1 0 1 1 0 0 0 0 1 0 1 0 1 0 1 1 0 0 0 0 0 0
1 1 0 0 1 1 0 1 0 0 1 1 0 1 0 1 0 0 0 1 0 0 1 1 0 0 0 0
1 1 1 1 0 1 0 0 0 0 1 1 0 0 1 0 1 0 0 0 1 0 1 0 0 0 1 0
1 1 1 1 1 0 0 0 0 1 0 1 0 0 0 1 1 0 0 0 0 1 0 1 0 0 0 1
1 1 1 0 0 0 0 1 1 1 0 0 1 1 1 0 0 1 1 0 0 0 0 0 0 1 0 0
1 1 0 1 0 0 1 0 1 0 1 0 1 1 0 1 0 1 0 1 0 0 0 0 1 0 0 0
1 0 1 0 0 0 1 1 0 1 1 0 1 0 0 0 0 0 1 1 1 1 0 0 1 0 0 0
1 0 1 0 0 1 1 0 1 0 0 1 1 0 0 0 0 0 1 0 0 1 0 1 0 1 0 1
1 0 0 1 1 0 0 1 1 0 0 1 1 0 0 0 0 0 0 1 1 0 1 0 1 0 1 0
1 0 0 1 1 1 0 0 0 1 1 0 1 0 0 0 0 0 0 0 0 0 1 1 0 1 1 1
1 0 0 0 0 0 1 1 1 1 1 1 0 0 0 0 0 1 0 0 0 0 0 0 1 1 1 1
0 1 0 1 0 0 1 1 0 0 0 0 0 0 1 1 0 1 1 1 0 0 1 1 0 1 0 0
0 1 1 0 1 0 1 0 0 0 0 0 0 1 0 0 1 1 1 0 1 0 1 0 0 1 1 0
0 1 0 1 0 1 0 1 0 0 0 0 0 1 0 0 1 1 0 1 0 1 0 1 1 0 0 1
0 1 1 0 1 1 0 0 0 0 0 0 0 0 1 1 0 1 0 0 1 1 0 0 1 0 1 1
0 1 0 0 0 0 1 1 0 0 0 0 1 1 1 1 1 0 0 0 0 0 0 0 1 1 1 1
0 0 1 0 0 0 1 0 1 1 0 0 0 1 1 0 0 0 0 1 1 1 1 1 0 1 0 0
0 0 0 1 0 0 0 1 1 0 1 0 0 1 0 1 0 0 1 0 1 1 1 1 1 0 0 0
0 0 1 0 1 0 0 0 1 0 1 0 0 0 1 0 1 0 1 1 0 1 1 0 1 0 1 0
0 0 1 0 0 1 0 0 1 1 0 0 0 0 0 1 1 0 1 1 1 0 0 1 1 0 0 1
0 0 0 1 1 0 0 0 0 0 1 1 0 1 1 0 0 0 1 1 1 0 0 1 0 1 1 0
0 0 0 1 0 1 0 0 0 1 0 1 0 1 0 1 0 0 1 1 0 1 1 0 0 1 0 1
0 0 0 0 0 0 0 1 1 0 1 0 1 0 0 1 1 1 0 1 1 1 0 0 0 0 1 1
0 0 0 0 0 0 1 0 0 1 0 1 1 1 1 0 0 1 1 0 0 0 1 1 0 0 1 1
0 0 0 0 1 0 0 0 0 0 1 1 1 0 1 0 1 1 0 0 1 0 1 0 1 1 0 1
0 0 0 0 0 1 0 0 0 1 0 1 1 0 0 1 1 1 0 0 0 1 0 1 1 1 1 0

Graph 2, order 28.
0 1 1 1 1 1 1 1 1 1 1 1 1 0 0 0 0 0 0 0 0 0 0 0 0 0 0 0
1 0 1 1 1 1 1 1 0 0 0 0 0 1 1 1 1 1 0 0 0 0 0 0 0 0 0 0
1 1 0 1 1 0 1 0 1 1 0 0 0 1 1 0 0 0 1 1 1 0 0 0 0 0 0 0
1 1 1 0 0 1 0 1 1 1 0 0 0 0 0 1 1 0 0 1 1 0 0 1 0 0 0 0
1 1 1 0 0 1 1 0 0 0 1 1 0 1 1 0 0 0 1 0 0 1 1 0 0 0 0 0
1 1 0 1 1 0 0 1 0 0 1 1 0 0 0 1 1 0 0 0 0 1 1 1 0 0 0 0
1 1 1 0 1 0 0 0 0 1 0 1 1 1 1 0 0 1 0 0 0 0 0 0 0 0 1 1
1 1 0 1 0 1 0 0 1 0 1 0 1 0 0 1 1 1 0 0 0 0 0 0 1 1 0 0
1 0 1 1 0 0 0 1 0 1 1 0 1 0 0 0 0 0 1 1 1 0 0 0 1 1 0 0
1 0 1 1 0 0 1 0 1 0 0 1 1 0 0 0 0 0 0 1 1 0 0 1 0 0 1 1
1 0 0 0 1 1 0 1 1 0 0 1 1 0 0 0 0 0 1 0 0 1 1 0 1 1 0 0
1 0 0 0 1 1 1 0 0 1 1 0 1 0 0 0 0 0 0 0 0 1 1 1 0 0 1 1
1 0 0 0 0 0 1 1 1 1 1 1 0 0 0 0 0 1 0 0 0 0 0 0 1 1 1 1
0 1 1 0 1 0 1 0 0 0 0 0 0 0 1 1 0 1 1 1 0 1 0 0 1 0 1 0
0 1 1 0 1 0 1 0 0 0 0 0 0 1 0 0 1 1 1 0 1 0 1 0 0 1 0 1
0 1 0 1 0 1 0 1 0 0 0 0 0 1 0 0 1 1 0 1 0 1 0 1 1 0 1 0
0 1 0 1 0 1 0 1 0 0 0 0 0 0 1 1 0 1 0 0 1 0 1 1 0 1 0 1
0 1 0 0 0 0 1 1 0 0 0 0 1 1 1 1 1 0 0 0 0 0 0 0 1 1 1 1
0 0 1 0 1 0 0 0 1 0 1 0 0 1 1 0 0 0 0 1 1 1 1 0 1 1 0 0
0 0 1 1 0 0 0 0 1 1 0 0 0 1 0 1 0 0 1 0 1 1 0 1 1 0 1 0
0 0 1 1 0 0 0 0 1 1 0 0 0 0 1 0 1 0 1 1 0 0 1 1 0 1 0 1
0 0 0 0 1 1 0 0 0 0 1 1 0 1 0 1 0 0 1 1 0 0 1 1 1 0 1 0
0 0 0 0 1 1 0 0 0 0 1 1 0 0 1 0 1 0 1 0 1 1 0 1 0 1 0 1
0 0 0 1 0 1 0 0 0 1 0 1 0 0 0 1 1 0 0 1 1 1 1 0 0 0 1 1
0 0 0 0 0 0 0 1 1 0 1 0 1 1 0 1 0 1 1 1 0 1 0 0 0 1 1 0
0 0 0 0 0 0 0 1 1 0 1 0 1 0 1 0 1 1 1 0 1 0 1 0 1 0 0 1
0 0 0 0 0 0 1 0 0 1 0 1 1 1 0 1 0 1 0 1 0 1 0 1 1 0 0 1
0 0 0 0 0 0 1 0 0 1 0 1 1 0 1 0 1 1 0 0 1 0 1 1 0 1 1 0

Graph 3, order 28.
0 1 1 1 1 1 1 1 1 1 1 1 1 0 0 0 0 0 0 0 0 0 0 0 0 0 0 0
1 0 1 1 1 1 1 1 0 0 0 0 0 1 1 1 1 1 0 0 0 0 0 0 0 0 0 0
1 1 0 1 1 1 1 1 0 0 0 0 0 0 0 0 0 0 1 1 1 1 1 0 0 0 0 0
1 1 1 0 1 1 0 0 1 1 0 0 0 1 1 0 0 0 1 1 0 0 0 1 0 0 0 0
1 1 1 1 0 0 1 0 1 0 0 1 0 1 0 0 1 0 1 0 0 1 0 0 0 0 1 0
1 1 1 1 0 0 0 1 0 1 0 0 1 0 1 0 0 1 0 1 0 0 1 0 0 0 0 1
1 1 1 0 1 0 0 1 0 0 1 1 0 0 0 1 1 0 0 0 1 1 0 0 1 0 0 0
1 1 1 0 0 1 1 0 0 0 1 0 1 0 0 1 0 1 0 0 1 0 1 0 0 1 0 0
1 0 0 1 1 0 0 0 0 1 1 1 1 1 0 0 0 0 1 0 0 0 0 1 0 1 1 0
1 0 0 1 0 1 0 0 1 0 1 1 1 0 1 0 0 0 0 1 0 0 0 1 1 0 0 1
1 0 0 0 0 0 1 1 1 1 0 1 1 0 0 1 0 0 0 0 1 0 0 1 1 1 0 0
1 0 0 0 1 0 1 0 1 1 1 0 1 0 0 0 1 0 0 0 0 1 0 0 1 0 1 1
1 0 0 0 0 1 0 1 1 1 1 1 0 0 0 0 0 1 0 0 0 0 1 0 0 1 1 1
0 1 0 1 1 0 0 0 1 0 0 0 0 0 1 1 1 1 1 0 0 0 0 1 0 1 1 0
0 1 0 1 0 1 0 0 0 1 0 0 0 1 0 1 1 1 0 1 0 0 0 1 1 0 0 1
0 1 0 0 0 0 1 1 0 0 1 0 0 1 1 0 1 1 0 0 1 0 0 1 1 1 0 0
0 1 0 0 1 0 1 0 0 0 0 1 0 1 1 1 0 1 0 0 0 1 0 0 1 0 1 1
0 1 0 0 0 1 0 1 0 0 0 0 1 1 1 1 1 0 0 0 0 0 1 0 0 1 1 1
0 0 1 1 1 0 0 0 1 0 0 0 0 1 0 0 0 0 0 1 1 1 1 1 0 1 1 0
0 0 1 1 0 1 0 0 0 1 0 0 0 0 1 0 0 0 1 0 1 1 1 1 1 0 0 1
0 0 1 0 0 0 1 1 0 0 1 0 0 0 0 1 0 0 1 1 0 1 1 1 1 1 0 0
0 0 1 0 1 0 1 0 0 0 0 1 0 0 0 0 1 0 1 1 1 0 1 0 1 0 1 1
0 0 1 0 0 1 0 1 0 0 0 0 1 0 0 0 0 1 1 1 1 1 0 0 0 1 1 1
0 0 0 1 0 0 0 0 1 1 1 0 0 1 1 1 0 0 1 1 1 0 0 0 1 1 0 0
0 0 0 0 0 0 1 0 0 1 1 1 0 0 1 1 1 0 0 1 1 1 0 1 0 0 0 1
0 0 0 0 0 0 0 1 1 0 1 0 1 1 0 1 0 1 1 0 1 0 1 1 0 0 1 0
0 0 0 0 1 0 0 0 1 0 0 1 1 1 0 0 1 1 1 0 0 1 1 0 0 1 0 1
0 0 0 0 0 1 0 0 0 1 0 1 1 0 1 0 1 1 0 1 0 1 1 0 1 0 1 0

Graph 4, order 28.
0 1 1 1 1 1 1 1 1 1 1 1 1 0 0 0 0 0 0 0 0 0 0 0 0 0 0 0
1 0 1 1 1 1 1 1 0 0 0 0 0 1 1 1 1 1 0 0 0 0 0 0 0 0 0 0
1 1 0 1 1 1 1 0 1 0 0 0 0 1 0 0 0 0 1 1 1 1 0 0 0 0 0 0
1 1 1 0 1 1 1 0 0 1 0 0 0 0 1 0 0 0 1 0 0 0 1 1 1 0 0 0
1 1 1 1 0 1 1 0 0 0 1 0 0 0 0 1 0 0 0 1 0 0 1 0 0 1 1 0
1 1 1 1 1 0 1 0 0 0 0 1 0 0 0 0 1 0 0 0 1 0 0 1 0 1 0 1
1 1 1 1 1 1 0 0 0 0 0 0 1 0 0 0 0 1 0 0 0 1 0 0 1 0 1 1
1 1 0 0 0 0 0 0 1 1 1 1 1 1 1 1 1 1 0 0 0 0 0 0 0 0 0 0
1 0 1 0 0 0 0 1 0 1 1 1 1 1 0 0 0 0 1 1 1 1 0 0 0 0 0 0
1 0 0 1 0 0 0 1 1 0 1 1 1 0 1 0 0 0 1 0 0 0 1 1 1 0 0 0
1 0 0 0 1 0 0 1 1 1 0 1 1 0 0 1 0 0 0 1 0 0 1 0 0 1 1 0
1 0 0 0 0 1 0 1 1 1 1 0 1 0 0 0 1 0 0 0 1 0 0 1 0 1 0 1
1 0 0 0 0 0 1 1 1 1 1 1 0 0 0 0 0 1 0 0 0 1 0 0 1 0 1 1
0 1 1 0 0 0 0 1 1 0 0 0 0 0 1 1 1 1 1 1 1 1 0 0 0 0 0 0
0 1 0 1 0 0 0 1 0 1 0 0 0 1 0 1 1 1 1 0 0 0 1 1 1 0 0 0
0 1 0 0 1 0 0 1 0 0 1 0 0 1 1 0 1 1 0 1 0 0 1 0 0 1 1 0
0 1 0 0 0 1 0 1 0 0 0 1 0 1 1 1 0 1 0 0 1 0 0 1 0 1 0 1
0 1 0 0 0 0 1 1 0 0 0 0 1 1 1 1 1 0 0 0 0 1 0 0 1 0 1 1
0 0 1 1 0 0 0 0 1 1 0 0 0 1 1 0 0 0 0 1 1 1 1 1 1 0 0 0
0 0 1 0 1 0 0 0 1 0 1 0 0 1 0 1 0 0 1 0 1 1 1 0 0 1 1 0
0 0 1 0 0 1 0 0 1 0 0 1 0 1 0 0 1 0 1 1 0 1 0 1 0 1 0 1
0 0 1 0 0 0 1 0 1 0 0 0 1 1 0 0 0 1 1 1 1 0 0 0 1 0 1 1
0 0 0 1 1 0 0 0 0 1 1 0 0 0 1 1 0 0 1 1 0 0 0 1 1 1 1 0
0 0 0 1 0 1 0 0 0 1 0 1 0 0 1 0 1 0 1 0 1 0 1 0 1 1 0 1
0 0 0 1 0 0 1 0 0 1 0 0 1 0 1 0 0 1 1 0 0 1 1 1 0 0 1 1
0 0 0 0 1 1 0 0 0 0 1 1 0 0 0 1 1 0 0 1 1 0 1 1 0 0 1 1
0 0 0 0 1 0 1 0 0 0 1 0 1 0 0 1 0 1 0 1 0 1 1 0 1 1 0 1
0 0 0 0 0 1 1 0 0 0 0 1 1 0 0 0 1 1 0 0 1 1 0 1 1 1 1 0
