0 0 0 0 
0 0 0 0 
0 0 0 0 
0 0 0 0 
0.00377289
0 1 0 0 
1 0 0 0 
0 0 0 0 
0 0 0 0 
0.131355
0 1 1 0 
1 0 0 0 
1 0 0 0 
0 0 0 0 
0.22989
0 1 1 1 
1 0 0 0 
1 0 0 0 
1 0 0 0 
0.00551893
0 1 1 0 
1 0 1 0 
1 1 0 0 
0 0 0 0 
0.114921
0 0 0 1 
0 0 1 0 
0 1 0 0 
1 0 0 0 
0.119011
0 1 0 1 
1 0 1 0 
0 1 0 0 
1 0 0 0 
0.180659
0 1 1 1 
1 0 1 0 
1 1 0 0 
1 0 0 0 
0.147839
0 0 1 1 
0 0 1 1 
1 1 0 0 
1 1 0 0 
0.00619048
0 1 1 1 
1 0 1 1 
1 1 0 0 
1 1 0 0 
0.049304
0 1 1 1 
1 0 1 1 
1 1 0 1 
1 1 1 0 
0.0123199
Total: 1.00078