0 0 0 0 
0 0 0 0 
0 0 0 0 
0 0 0 0 
0.00782098
0 1 0 0 
1 0 0 0 
0 0 0 0 
0 0 0 0 
0.0812916
0 1 1 0 
1 0 0 0 
1 0 0 0 
0 0 0 0 
0.196416
0 1 1 1 
1 0 0 0 
1 0 0 0 
1 0 0 0 
0.0541944
0 1 1 0 
1 0 1 0 
1 1 0 0 
0 0 0 0 
0.0541944
0 0 0 1 
0 0 1 0 
0 1 0 0 
1 0 0 0 
0.049104
0 1 0 1 
1 0 1 0 
0 1 0 0 
1 0 0 0 
0.222412
0 1 1 1 
1 0 1 0 
1 1 0 0 
1 0 0 0 
0.196416
0 0 1 1 
0 0 1 1 
1 1 0 0 
1 1 0 0 
0.049104
0 1 1 1 
1 0 1 1 
1 1 0 0 
1 1 0 0 
0.0812916
0 1 1 1 
1 0 1 1 
1 1 0 1 
1 1 1 0 
0.00782098
Total: 1.00007