Graph 1
Adjacency Matrix:
[0 1 1 1 1 1 1 1 1 1 1 1 1 1 1 0 0 0 0 0 0 0 0 0 0 0 0 0 0 0 0 0 0 0 0 0 0 0 0 0 0 0 0 0 0 0 0 0 0 0 0 0 0 0 0 0 0 0 0 0 0 0 0 0 0 0 0 0 0 0 0 0 0 0 0 0 0 0 0 0 0 0 0 0 0 0 0 0 0 0 0 0 0 0 0 0 0 0 0 0]
[1 0 1 1 1 1 1 1 1 0 0 0 0 0 0 1 1 1 1 1 1 0 0 0 0 0 0 0 0 0 0 0 0 0 0 0 0 0 0 0 0 0 0 0 0 0 0 0 0 0 0 0 0 0 0 0 0 0 0 0 0 0 0 0 0 0 0 0 0 0 0 0 0 0 0 0 0 0 0 0 0 0 0 0 0 0 0 0 0 0 0 0 0 0 0 0 0 0 0 0]
[1 1 0 1 1 1 1 1 0 1 0 0 0 0 0 1 0 0 0 0 0 1 1 1 1 1 0 0 0 0 0 0 0 0 0 0 0 0 0 0 0 0 0 0 0 0 0 0 0 0 0 0 0 0 0 0 0 0 0 0 0 0 0 0 0 0 0 0 0 0 0 0 0 0 0 0 0 0 0 0 0 0 0 0 0 0 0 0 0 0 0 0 0 0 0 0 0 0 0 0]
[1 1 1 0 1 1 1 1 0 0 1 0 0 0 0 0 1 0 0 0 0 1 0 0 0 0 1 1 1 1 0 0 0 0 0 0 0 0 0 0 0 0 0 0 0 0 0 0 0 0 0 0 0 0 0 0 0 0 0 0 0 0 0 0 0 0 0 0 0 0 0 0 0 0 0 0 0 0 0 0 0 0 0 0 0 0 0 0 0 0 0 0 0 0 0 0 0 0 0 0]
[1 1 1 1 0 1 1 1 0 0 0 0 0 0 0 0 0 0 0 0 0 0 0 0 0 0 0 0 0 0 1 1 1 1 1 1 1 0 0 0 0 0 0 0 0 0 0 0 0 0 0 0 0 0 0 0 0 0 0 0 0 0 0 0 0 0 0 0 0 0 0 0 0 0 0 0 0 0 0 0 0 0 0 0 0 0 0 0 0 0 0 0 0 0 0 0 0 0 0 0]
[1 1 1 1 1 0 1 1 0 0 0 0 0 0 0 0 0 0 0 0 0 0 0 0 0 0 0 0 0 0 1 0 0 0 0 0 0 1 1 1 1 1 1 0 0 0 0 0 0 0 0 0 0 0 0 0 0 0 0 0 0 0 0 0 0 0 0 0 0 0 0 0 0 0 0 0 0 0 0 0 0 0 0 0 0 0 0 0 0 0 0 0 0 0 0 0 0 0 0 0]
[1 1 1 1 1 1 0 1 0 0 0 0 0 0 0 0 0 0 0 0 0 0 0 0 0 0 0 0 0 0 0 1 0 0 0 0 0 1 0 0 0 0 0 1 1 1 1 1 0 0 0 0 0 0 0 0 0 0 0 0 0 0 0 0 0 0 0 0 0 0 0 0 0 0 0 0 0 0 0 0 0 0 0 0 0 0 0 0 0 0 0 0 0 0 0 0 0 0 0 0]
[1 1 1 1 1 1 1 0 0 0 0 0 0 0 0 0 0 0 0 0 0 0 0 0 0 0 0 0 0 0 0 0 1 0 0 0 0 0 1 0 0 0 0 1 0 0 0 0 1 1 1 1 0 0 0 0 0 0 0 0 0 0 0 0 0 0 0 0 0 0 0 0 0 0 0 0 0 0 0 0 0 0 0 0 0 0 0 0 0 0 0 0 0 0 0 0 0 0 0 0]
[1 1 0 0 0 0 0 0 0 1 1 1 1 1 1 1 1 1 1 1 1 0 0 0 0 0 0 0 0 0 0 0 0 0 0 0 0 0 0 0 0 0 0 0 0 0 0 0 0 0 0 0 0 0 0 0 0 0 0 0 0 0 0 0 0 0 0 0 0 0 0 0 0 0 0 0 0 0 0 0 0 0 0 0 0 0 0 0 0 0 0 0 0 0 0 0 0 0 0 0]
[1 0 1 0 0 0 0 0 1 0 1 1 1 1 1 1 0 0 0 0 0 1 1 1 1 1 0 0 0 0 0 0 0 0 0 0 0 0 0 0 0 0 0 0 0 0 0 0 0 0 0 0 0 0 0 0 0 0 0 0 0 0 0 0 0 0 0 0 0 0 0 0 0 0 0 0 0 0 0 0 0 0 0 0 0 0 0 0 0 0 0 0 0 0 0 0 0 0 0 0]
[1 0 0 1 0 0 0 0 1 1 0 1 1 1 1 0 1 0 0 0 0 1 0 0 0 0 1 1 1 1 0 0 0 0 0 0 0 0 0 0 0 0 0 0 0 0 0 0 0 0 0 0 0 0 0 0 0 0 0 0 0 0 0 0 0 0 0 0 0 0 0 0 0 0 0 0 0 0 0 0 0 0 0 0 0 0 0 0 0 0 0 0 0 0 0 0 0 0 0 0]
[1 0 0 0 0 0 0 0 1 1 1 0 1 1 1 0 0 0 0 0 0 0 0 0 0 0 0 0 0 0 0 0 0 1 0 0 0 0 0 0 0 0 0 0 0 0 0 0 0 0 0 0 1 1 1 1 1 1 0 0 0 0 0 0 0 0 0 0 0 0 0 0 0 0 0 0 0 0 0 0 0 0 0 0 0 0 0 0 0 0 0 0 0 0 0 0 0 0 0 0]
[1 0 0 0 0 0 0 0 1 1 1 1 0 1 1 0 0 0 0 0 0 0 0 0 0 0 0 0 0 0 0 0 0 0 0 0 0 0 0 1 0 0 0 0 0 0 0 0 0 0 0 0 1 0 0 0 0 0 1 1 1 1 1 0 0 0 0 0 0 0 0 0 0 0 0 0 0 0 0 0 0 0 0 0 0 0 0 0 0 0 0 0 0 0 0 0 0 0 0 0]
[1 0 0 0 0 0 0 0 1 1 1 1 1 0 1 0 0 0 0 0 0 0 0 0 0 0 0 0 0 0 0 0 0 0 0 0 0 0 0 0 0 0 0 0 1 0 0 0 0 0 0 0 0 1 0 0 0 0 1 0 0 0 0 1 1 1 1 0 0 0 0 0 0 0 0 0 0 0 0 0 0 0 0 0 0 0 0 0 0 0 0 0 0 0 0 0 0 0 0 0]
[1 0 0 0 0 0 0 0 1 1 1 1 1 1 0 0 0 0 0 0 0 0 0 0 0 0 0 0 0 0 0 0 0 0 0 0 0 0 0 0 0 0 0 0 0 0 0 0 1 0 0 0 0 0 1 0 0 0 0 1 0 0 0 1 0 0 0 1 1 1 0 0 0 0 0 0 0 0 0 0 0 0 0 0 0 0 0 0 0 0 0 0 0 0 0 0 0 0 0 0]
[0 1 1 0 0 0 0 0 1 1 0 0 0 0 0 0 1 1 1 1 1 1 1 1 1 1 0 0 0 0 0 0 0 0 0 0 0 0 0 0 0 0 0 0 0 0 0 0 0 0 0 0 0 0 0 0 0 0 0 0 0 0 0 0 0 0 0 0 0 0 0 0 0 0 0 0 0 0 0 0 0 0 0 0 0 0 0 0 0 0 0 0 0 0 0 0 0 0 0 0]
[0 1 0 1 0 0 0 0 1 0 1 0 0 0 0 1 0 1 1 1 1 1 0 0 0 0 1 1 1 1 0 0 0 0 0 0 0 0 0 0 0 0 0 0 0 0 0 0 0 0 0 0 0 0 0 0 0 0 0 0 0 0 0 0 0 0 0 0 0 0 0 0 0 0 0 0 0 0 0 0 0 0 0 0 0 0 0 0 0 0 0 0 0 0 0 0 0 0 0 0]
[0 1 0 0 0 0 0 0 1 0 0 0 0 0 0 1 1 0 1 1 1 0 0 0 0 0 0 0 0 0 0 0 0 0 1 0 0 0 0 0 0 0 0 0 0 0 0 0 0 0 0 0 0 0 0 1 0 0 0 0 0 0 0 0 0 0 0 0 0 0 1 1 1 1 1 0 0 0 0 0 0 0 0 0 0 0 0 0 0 0 0 0 0 0 0 0 0 0 0 0]
[0 1 0 0 0 0 0 0 1 0 0 0 0 0 0 1 1 1 0 1 1 0 0 0 0 0 0 0 0 0 0 0 0 0 0 0 0 0 0 0 1 0 0 0 0 0 0 0 0 0 0 0 0 0 0 0 0 0 0 0 1 0 0 0 0 0 0 0 0 0 0 0 1 0 0 0 0 0 0 0 0 0 1 1 1 1 0 0 0 0 0 0 0 0 0 0 0 0 0 0]
[0 1 0 0 0 0 0 0 1 0 0 0 0 0 0 1 1 1 1 0 1 0 0 0 0 0 0 0 0 0 0 0 0 0 0 0 0 0 0 0 0 0 0 0 0 1 0 0 0 0 0 0 0 0 0 0 0 0 0 0 0 0 0 0 1 0 0 0 0 0 0 0 0 1 0 0 0 0 0 0 0 0 1 0 0 0 1 1 1 0 0 0 0 0 0 0 0 0 0 0]
[0 1 0 0 0 0 0 0 1 0 0 0 0 0 0 1 1 1 1 1 0 0 0 0 0 0 0 0 0 0 0 0 0 0 0 0 0 0 0 0 0 0 0 0 0 0 0 0 0 1 0 0 0 0 0 0 0 0 0 0 0 0 0 0 0 0 0 1 0 0 0 0 0 0 1 0 0 0 0 0 0 0 0 1 0 0 1 0 0 1 1 0 0 0 0 0 0 0 0 0]
[0 0 1 1 0 0 0 0 0 1 1 0 0 0 0 1 1 0 0 0 0 0 1 1 1 1 1 1 1 1 0 0 0 0 0 0 0 0 0 0 0 0 0 0 0 0 0 0 0 0 0 0 0 0 0 0 0 0 0 0 0 0 0 0 0 0 0 0 0 0 0 0 0 0 0 0 0 0 0 0 0 0 0 0 0 0 0 0 0 0 0 0 0 0 0 0 0 0 0 0]
[0 0 1 0 0 0 0 0 0 1 0 0 0 0 0 1 0 0 0 0 0 1 0 1 1 1 0 0 0 0 0 0 0 0 0 1 0 0 0 0 0 0 0 0 0 0 0 0 0 0 0 0 0 0 0 0 1 0 0 0 0 0 0 0 0 0 0 0 0 0 1 0 0 0 0 1 1 1 1 0 0 0 0 0 0 0 0 0 0 0 0 0 0 0 0 0 0 0 0 0]
[0 0 1 0 0 0 0 0 0 1 0 0 0 0 0 1 0 0 0 0 0 1 1 0 1 1 0 0 0 0 0 0 0 0 0 0 0 0 0 0 0 1 0 0 0 0 0 0 0 0 0 0 0 0 0 0 0 0 0 0 0 1 0 0 0 0 0 0 0 0 0 0 0 0 0 0 1 0 0 0 0 0 0 0 1 0 0 0 0 0 0 1 1 1 0 0 0 0 0 0]
[0 0 1 0 0 0 0 0 0 1 0 0 0 0 0 1 0 0 0 0 0 1 1 1 0 1 0 0 0 0 0 0 0 0 0 0 0 0 0 0 0 0 0 0 0 0 1 0 0 0 0 0 0 0 0 0 0 0 0 0 0 0 0 0 0 1 0 0 0 0 0 0 0 0 0 0 0 1 0 0 0 0 0 0 0 0 0 1 0 0 0 0 1 0 0 0 1 1 0 0]
[0 0 1 0 0 0 0 0 0 1 0 0 0 0 0 1 0 0 0 0 0 1 1 1 1 0 0 0 0 0 0 0 0 0 0 0 0 0 0 0 0 0 0 0 0 0 0 0 0 0 1 0 0 0 0 0 0 0 0 0 0 0 0 0 0 0 0 0 1 0 0 0 0 0 0 0 0 0 1 0 0 0 0 0 0 0 0 0 0 1 0 0 0 1 0 0 1 0 1 0]
[0 0 0 1 0 0 0 0 0 0 1 0 0 0 0 0 1 0 0 0 0 1 0 0 0 0 0 1 1 1 0 0 0 0 0 0 1 0 0 0 0 0 0 0 0 0 0 0 0 0 0 0 0 0 0 0 0 1 0 0 0 0 0 0 0 0 0 0 0 0 0 1 0 0 0 1 0 0 0 1 1 1 0 0 0 0 0 0 0 0 0 0 0 0 0 0 0 0 0 0]
[0 0 0 1 0 0 0 0 0 0 1 0 0 0 0 0 1 0 0 0 0 1 0 0 0 0 1 0 1 1 0 0 0 0 0 0 0 0 0 0 0 0 1 0 0 0 0 0 0 0 0 0 0 0 0 0 0 0 0 0 0 0 1 0 0 0 0 0 0 0 0 0 0 0 0 0 0 0 0 1 0 0 0 0 0 1 0 0 0 0 0 1 0 0 1 1 0 0 0 0]
[0 0 0 1 0 0 0 0 0 0 1 0 0 0 0 0 1 0 0 0 0 1 0 0 0 0 1 1 0 1 0 0 0 0 0 0 0 0 0 0 0 0 0 0 0 0 0 1 0 0 0 0 0 0 0 0 0 0 0 0 0 0 0 0 0 0 1 0 0 0 0 0 0 0 0 0 0 0 0 0 1 0 0 0 0 0 0 0 1 0 0 0 0 0 1 0 0 1 0 1]
[0 0 0 1 0 0 0 0 0 0 1 0 0 0 0 0 1 0 0 0 0 1 0 0 0 0 1 1 1 0 0 0 0 0 0 0 0 0 0 0 0 0 0 0 0 0 0 0 0 0 0 1 0 0 0 0 0 0 0 0 0 0 0 0 0 0 0 0 0 1 0 0 0 0 0 0 0 0 0 0 0 1 0 0 0 0 0 0 0 0 1 0 0 0 0 1 0 0 1 1]
[0 0 0 0 1 1 0 0 0 0 0 0 0 0 0 0 0 0 0 0 0 0 0 0 0 0 0 0 0 0 0 1 1 1 1 1 1 1 1 1 1 1 1 0 0 0 0 0 0 0 0 0 0 0 0 0 0 0 0 0 0 0 0 0 0 0 0 0 0 0 0 0 0 0 0 0 0 0 0 0 0 0 0 0 0 0 0 0 0 0 0 0 0 0 0 0 0 0 0 0]
[0 0 0 0 1 0 1 0 0 0 0 0 0 0 0 0 0 0 0 0 0 0 0 0 0 0 0 0 0 0 1 0 1 1 1 1 1 1 0 0 0 0 0 1 1 1 1 1 0 0 0 0 0 0 0 0 0 0 0 0 0 0 0 0 0 0 0 0 0 0 0 0 0 0 0 0 0 0 0 0 0 0 0 0 0 0 0 0 0 0 0 0 0 0 0 0 0 0 0 0]
[0 0 0 0 1 0 0 1 0 0 0 0 0 0 0 0 0 0 0 0 0 0 0 0 0 0 0 0 0 0 1 1 0 1 1 1 1 0 1 0 0 0 0 1 0 0 0 0 1 1 1 1 0 0 0 0 0 0 0 0 0 0 0 0 0 0 0 0 0 0 0 0 0 0 0 0 0 0 0 0 0 0 0 0 0 0 0 0 0 0 0 0 0 0 0 0 0 0 0 0]
[0 0 0 0 1 0 0 0 0 0 0 1 0 0 0 0 0 0 0 0 0 0 0 0 0 0 0 0 0 0 1 1 1 0 1 1 1 0 0 0 0 0 0 0 0 0 0 0 0 0 0 0 1 1 1 1 1 1 0 0 0 0 0 0 0 0 0 0 0 0 0 0 0 0 0 0 0 0 0 0 0 0 0 0 0 0 0 0 0 0 0 0 0 0 0 0 0 0 0 0]
[0 0 0 0 1 0 0 0 0 0 0 0 0 0 0 0 0 1 0 0 0 0 0 0 0 0 0 0 0 0 1 1 1 1 0 1 1 0 0 0 0 0 0 0 0 0 0 0 0 0 0 0 0 0 0 1 0 0 0 0 0 0 0 0 0 0 0 0 0 0 1 1 1 1 1 0 0 0 0 0 0 0 0 0 0 0 0 0 0 0 0 0 0 0 0 0 0 0 0 0]
[0 0 0 0 1 0 0 0 0 0 0 0 0 0 0 0 0 0 0 0 0 0 1 0 0 0 0 0 0 0 1 1 1 1 1 0 1 0 0 0 0 0 0 0 0 0 0 0 0 0 0 0 0 0 0 0 1 0 0 0 0 0 0 0 0 0 0 0 0 0 1 0 0 0 0 1 1 1 1 0 0 0 0 0 0 0 0 0 0 0 0 0 0 0 0 0 0 0 0 0]
[0 0 0 0 1 0 0 0 0 0 0 0 0 0 0 0 0 0 0 0 0 0 0 0 0 0 1 0 0 0 1 1 1 1 1 1 0 0 0 0 0 0 0 0 0 0 0 0 0 0 0 0 0 0 0 0 0 1 0 0 0 0 0 0 0 0 0 0 0 0 0 1 0 0 0 1 0 0 0 1 1 1 0 0 0 0 0 0 0 0 0 0 0 0 0 0 0 0 0 0]
[0 0 0 0 0 1 1 0 0 0 0 0 0 0 0 0 0 0 0 0 0 0 0 0 0 0 0 0 0 0 1 1 0 0 0 0 0 0 1 1 1 1 1 1 1 1 1 1 0 0 0 0 0 0 0 0 0 0 0 0 0 0 0 0 0 0 0 0 0 0 0 0 0 0 0 0 0 0 0 0 0 0 0 0 0 0 0 0 0 0 0 0 0 0 0 0 0 0 0 0]
[0 0 0 0 0 1 0 1 0 0 0 0 0 0 0 0 0 0 0 0 0 0 0 0 0 0 0 0 0 0 1 0 1 0 0 0 0 1 0 1 1 1 1 1 0 0 0 0 1 1 1 1 0 0 0 0 0 0 0 0 0 0 0 0 0 0 0 0 0 0 0 0 0 0 0 0 0 0 0 0 0 0 0 0 0 0 0 0 0 0 0 0 0 0 0 0 0 0 0 0]
[0 0 0 0 0 1 0 0 0 0 0 0 1 0 0 0 0 0 0 0 0 0 0 0 0 0 0 0 0 0 1 0 0 0 0 0 0 1 1 0 1 1 1 0 0 0 0 0 0 0 0 0 1 0 0 0 0 0 1 1 1 1 1 0 0 0 0 0 0 0 0 0 0 0 0 0 0 0 0 0 0 0 0 0 0 0 0 0 0 0 0 0 0 0 0 0 0 0 0 0]
[0 0 0 0 0 1 0 0 0 0 0 0 0 0 0 0 0 0 1 0 0 0 0 0 0 0 0 0 0 0 1 0 0 0 0 0 0 1 1 1 0 1 1 0 0 0 0 0 0 0 0 0 0 0 0 0 0 0 0 0 1 0 0 0 0 0 0 0 0 0 0 0 1 0 0 0 0 0 0 0 0 0 1 1 1 1 0 0 0 0 0 0 0 0 0 0 0 0 0 0]
[0 0 0 0 0 1 0 0 0 0 0 0 0 0 0 0 0 0 0 0 0 0 0 1 0 0 0 0 0 0 1 0 0 0 0 0 0 1 1 1 1 0 1 0 0 0 0 0 0 0 0 0 0 0 0 0 0 0 0 0 0 1 0 0 0 0 0 0 0 0 0 0 0 0 0 0 1 0 0 0 0 0 0 0 1 0 0 0 0 0 0 1 1 1 0 0 0 0 0 0]
[0 0 0 0 0 1 0 0 0 0 0 0 0 0 0 0 0 0 0 0 0 0 0 0 0 0 0 1 0 0 1 0 0 0 0 0 0 1 1 1 1 1 0 0 0 0 0 0 0 0 0 0 0 0 0 0 0 0 0 0 0 0 1 0 0 0 0 0 0 0 0 0 0 0 0 0 0 0 0 1 0 0 0 0 0 1 0 0 0 0 0 1 0 0 1 1 0 0 0 0]
[0 0 0 0 0 0 1 1 0 0 0 0 0 0 0 0 0 0 0 0 0 0 0 0 0 0 0 0 0 0 0 1 1 0 0 0 0 1 1 0 0 0 0 0 1 1 1 1 1 1 1 1 0 0 0 0 0 0 0 0 0 0 0 0 0 0 0 0 0 0 0 0 0 0 0 0 0 0 0 0 0 0 0 0 0 0 0 0 0 0 0 0 0 0 0 0 0 0 0 0]
[0 0 0 0 0 0 1 0 0 0 0 0 0 1 0 0 0 0 0 0 0 0 0 0 0 0 0 0 0 0 0 1 0 0 0 0 0 1 0 0 0 0 0 1 0 1 1 1 0 0 0 0 0 1 0 0 0 0 1 0 0 0 0 1 1 1 1 0 0 0 0 0 0 0 0 0 0 0 0 0 0 0 0 0 0 0 0 0 0 0 0 0 0 0 0 0 0 0 0 0]
[0 0 0 0 0 0 1 0 0 0 0 0 0 0 0 0 0 0 0 1 0 0 0 0 0 0 0 0 0 0 0 1 0 0 0 0 0 1 0 0 0 0 0 1 1 0 1 1 0 0 0 0 0 0 0 0 0 0 0 0 0 0 0 0 1 0 0 0 0 0 0 0 0 1 0 0 0 0 0 0 0 0 1 0 0 0 1 1 1 0 0 0 0 0 0 0 0 0 0 0]
[0 0 0 0 0 0 1 0 0 0 0 0 0 0 0 0 0 0 0 0 0 0 0 0 1 0 0 0 0 0 0 1 0 0 0 0 0 1 0 0 0 0 0 1 1 1 0 1 0 0 0 0 0 0 0 0 0 0 0 0 0 0 0 0 0 1 0 0 0 0 0 0 0 0 0 0 0 1 0 0 0 0 0 0 0 0 0 1 0 0 0 0 1 0 0 0 1 1 0 0]
[0 0 0 0 0 0 1 0 0 0 0 0 0 0 0 0 0 0 0 0 0 0 0 0 0 0 0 0 1 0 0 1 0 0 0 0 0 1 0 0 0 0 0 1 1 1 1 0 0 0 0 0 0 0 0 0 0 0 0 0 0 0 0 0 0 0 1 0 0 0 0 0 0 0 0 0 0 0 0 0 1 0 0 0 0 0 0 0 1 0 0 0 0 0 1 0 0 1 0 1]
[0 0 0 0 0 0 0 1 0 0 0 0 0 0 1 0 0 0 0 0 0 0 0 0 0 0 0 0 0 0 0 0 1 0 0 0 0 0 1 0 0 0 0 1 0 0 0 0 0 1 1 1 0 0 1 0 0 0 0 1 0 0 0 1 0 0 0 1 1 1 0 0 0 0 0 0 0 0 0 0 0 0 0 0 0 0 0 0 0 0 0 0 0 0 0 0 0 0 0 0]
[0 0 0 0 0 0 0 1 0 0 0 0 0 0 0 0 0 0 0 0 1 0 0 0 0 0 0 0 0 0 0 0 1 0 0 0 0 0 1 0 0 0 0 1 0 0 0 0 1 0 1 1 0 0 0 0 0 0 0 0 0 0 0 0 0 0 0 1 0 0 0 0 0 0 1 0 0 0 0 0 0 0 0 1 0 0 1 0 0 1 1 0 0 0 0 0 0 0 0 0]
[0 0 0 0 0 0 0 1 0 0 0 0 0 0 0 0 0 0 0 0 0 0 0 0 0 1 0 0 0 0 0 0 1 0 0 0 0 0 1 0 0 0 0 1 0 0 0 0 1 1 0 1 0 0 0 0 0 0 0 0 0 0 0 0 0 0 0 0 1 0 0 0 0 0 0 0 0 0 1 0 0 0 0 0 0 0 0 0 0 1 0 0 0 1 0 0 1 0 1 0]
[0 0 0 0 0 0 0 1 0 0 0 0 0 0 0 0 0 0 0 0 0 0 0 0 0 0 0 0 0 1 0 0 1 0 0 0 0 0 1 0 0 0 0 1 0 0 0 0 1 1 1 0 0 0 0 0 0 0 0 0 0 0 0 0 0 0 0 0 0 1 0 0 0 0 0 0 0 0 0 0 0 1 0 0 0 0 0 0 0 0 1 0 0 0 0 1 0 0 1 1]
[0 0 0 0 0 0 0 0 0 0 0 1 1 0 0 0 0 0 0 0 0 0 0 0 0 0 0 0 0 0 0 0 0 1 0 0 0 0 0 1 0 0 0 0 0 0 0 0 0 0 0 0 0 1 1 1 1 1 1 1 1 1 1 0 0 0 0 0 0 0 0 0 0 0 0 0 0 0 0 0 0 0 0 0 0 0 0 0 0 0 0 0 0 0 0 0 0 0 0 0]
[0 0 0 0 0 0 0 0 0 0 0 1 0 1 0 0 0 0 0 0 0 0 0 0 0 0 0 0 0 0 0 0 0 1 0 0 0 0 0 0 0 0 0 0 1 0 0 0 0 0 0 0 1 0 1 1 1 1 1 0 0 0 0 1 1 1 1 0 0 0 0 0 0 0 0 0 0 0 0 0 0 0 0 0 0 0 0 0 0 0 0 0 0 0 0 0 0 0 0 0]
[0 0 0 0 0 0 0 0 0 0 0 1 0 0 1 0 0 0 0 0 0 0 0 0 0 0 0 0 0 0 0 0 0 1 0 0 0 0 0 0 0 0 0 0 0 0 0 0 1 0 0 0 1 1 0 1 1 1 0 1 0 0 0 1 0 0 0 1 1 1 0 0 0 0 0 0 0 0 0 0 0 0 0 0 0 0 0 0 0 0 0 0 0 0 0 0 0 0 0 0]
[0 0 0 0 0 0 0 0 0 0 0 1 0 0 0 0 0 1 0 0 0 0 0 0 0 0 0 0 0 0 0 0 0 1 1 0 0 0 0 0 0 0 0 0 0 0 0 0 0 0 0 0 1 1 1 0 1 1 0 0 0 0 0 0 0 0 0 0 0 0 1 1 1 1 1 0 0 0 0 0 0 0 0 0 0 0 0 0 0 0 0 0 0 0 0 0 0 0 0 0]
[0 0 0 0 0 0 0 0 0 0 0 1 0 0 0 0 0 0 0 0 0 0 1 0 0 0 0 0 0 0 0 0 0 1 0 1 0 0 0 0 0 0 0 0 0 0 0 0 0 0 0 0 1 1 1 1 0 1 0 0 0 0 0 0 0 0 0 0 0 0 1 0 0 0 0 1 1 1 1 0 0 0 0 0 0 0 0 0 0 0 0 0 0 0 0 0 0 0 0 0]
[0 0 0 0 0 0 0 0 0 0 0 1 0 0 0 0 0 0 0 0 0 0 0 0 0 0 1 0 0 0 0 0 0 1 0 0 1 0 0 0 0 0 0 0 0 0 0 0 0 0 0 0 1 1 1 1 1 0 0 0 0 0 0 0 0 0 0 0 0 0 0 1 0 0 0 1 0 0 0 1 1 1 0 0 0 0 0 0 0 0 0 0 0 0 0 0 0 0 0 0]
[0 0 0 0 0 0 0 0 0 0 0 0 1 1 0 0 0 0 0 0 0 0 0 0 0 0 0 0 0 0 0 0 0 0 0 0 0 0 0 1 0 0 0 0 1 0 0 0 0 0 0 0 1 1 0 0 0 0 0 1 1 1 1 1 1 1 1 0 0 0 0 0 0 0 0 0 0 0 0 0 0 0 0 0 0 0 0 0 0 0 0 0 0 0 0 0 0 0 0 0]
[0 0 0 0 0 0 0 0 0 0 0 0 1 0 1 0 0 0 0 0 0 0 0 0 0 0 0 0 0 0 0 0 0 0 0 0 0 0 0 1 0 0 0 0 0 0 0 0 1 0 0 0 1 0 1 0 0 0 1 0 1 1 1 1 0 0 0 1 1 1 0 0 0 0 0 0 0 0 0 0 0 0 0 0 0 0 0 0 0 0 0 0 0 0 0 0 0 0 0 0]
[0 0 0 0 0 0 0 0 0 0 0 0 1 0 0 0 0 0 1 0 0 0 0 0 0 0 0 0 0 0 0 0 0 0 0 0 0 0 0 1 1 0 0 0 0 0 0 0 0 0 0 0 1 0 0 0 0 0 1 1 0 1 1 0 0 0 0 0 0 0 0 0 1 0 0 0 0 0 0 0 0 0 1 1 1 1 0 0 0 0 0 0 0 0 0 0 0 0 0 0]
[0 0 0 0 0 0 0 0 0 0 0 0 1 0 0 0 0 0 0 0 0 0 0 1 0 0 0 0 0 0 0 0 0 0 0 0 0 0 0 1 0 1 0 0 0 0 0 0 0 0 0 0 1 0 0 0 0 0 1 1 1 0 1 0 0 0 0 0 0 0 0 0 0 0 0 0 1 0 0 0 0 0 0 0 1 0 0 0 0 0 0 1 1 1 0 0 0 0 0 0]
[0 0 0 0 0 0 0 0 0 0 0 0 1 0 0 0 0 0 0 0 0 0 0 0 0 0 0 1 0 0 0 0 0 0 0 0 0 0 0 1 0 0 1 0 0 0 0 0 0 0 0 0 1 0 0 0 0 0 1 1 1 1 0 0 0 0 0 0 0 0 0 0 0 0 0 0 0 0 0 1 0 0 0 0 0 1 0 0 0 0 0 1 0 0 1 1 0 0 0 0]
[0 0 0 0 0 0 0 0 0 0 0 0 0 1 1 0 0 0 0 0 0 0 0 0 0 0 0 0 0 0 0 0 0 0 0 0 0 0 0 0 0 0 0 0 1 0 0 0 1 0 0 0 0 1 1 0 0 0 1 1 0 0 0 0 1 1 1 1 1 1 0 0 0 0 0 0 0 0 0 0 0 0 0 0 0 0 0 0 0 0 0 0 0 0 0 0 0 0 0 0]
[0 0 0 0 0 0 0 0 0 0 0 0 0 1 0 0 0 0 0 1 0 0 0 0 0 0 0 0 0 0 0 0 0 0 0 0 0 0 0 0 0 0 0 0 1 1 0 0 0 0 0 0 0 1 0 0 0 0 1 0 0 0 0 1 0 1 1 0 0 0 0 0 0 1 0 0 0 0 0 0 0 0 1 0 0 0 1 1 1 0 0 0 0 0 0 0 0 0 0 0]
[0 0 0 0 0 0 0 0 0 0 0 0 0 1 0 0 0 0 0 0 0 0 0 0 1 0 0 0 0 0 0 0 0 0 0 0 0 0 0 0 0 0 0 0 1 0 1 0 0 0 0 0 0 1 0 0 0 0 1 0 0 0 0 1 1 0 1 0 0 0 0 0 0 0 0 0 0 1 0 0 0 0 0 0 0 0 0 1 0 0 0 0 1 0 0 0 1 1 0 0]
[0 0 0 0 0 0 0 0 0 0 0 0 0 1 0 0 0 0 0 0 0 0 0 0 0 0 0 0 1 0 0 0 0 0 0 0 0 0 0 0 0 0 0 0 1 0 0 1 0 0 0 0 0 1 0 0 0 0 1 0 0 0 0 1 1 1 0 0 0 0 0 0 0 0 0 0 0 0 0 0 1 0 0 0 0 0 0 0 1 0 0 0 0 0 1 0 0 1 0 1]
[0 0 0 0 0 0 0 0 0 0 0 0 0 0 1 0 0 0 0 0 1 0 0 0 0 0 0 0 0 0 0 0 0 0 0 0 0 0 0 0 0 0 0 0 0 0 0 0 1 1 0 0 0 0 1 0 0 0 0 1 0 0 0 1 0 0 0 0 1 1 0 0 0 0 1 0 0 0 0 0 0 0 0 1 0 0 1 0 0 1 1 0 0 0 0 0 0 0 0 0]
[0 0 0 0 0 0 0 0 0 0 0 0 0 0 1 0 0 0 0 0 0 0 0 0 0 1 0 0 0 0 0 0 0 0 0 0 0 0 0 0 0 0 0 0 0 0 0 0 1 0 1 0 0 0 1 0 0 0 0 1 0 0 0 1 0 0 0 1 0 1 0 0 0 0 0 0 0 0 1 0 0 0 0 0 0 0 0 0 0 1 0 0 0 1 0 0 1 0 1 0]
[0 0 0 0 0 0 0 0 0 0 0 0 0 0 1 0 0 0 0 0 0 0 0 0 0 0 0 0 0 1 0 0 0 0 0 0 0 0 0 0 0 0 0 0 0 0 0 0 1 0 0 1 0 0 1 0 0 0 0 1 0 0 0 1 0 0 0 1 1 0 0 0 0 0 0 0 0 0 0 0 0 1 0 0 0 0 0 0 0 0 1 0 0 0 0 1 0 0 1 1]
[0 0 0 0 0 0 0 0 0 0 0 0 0 0 0 0 0 1 0 0 0 0 1 0 0 0 0 0 0 0 0 0 0 0 1 1 0 0 0 0 0 0 0 0 0 0 0 0 0 0 0 0 0 0 0 1 1 0 0 0 0 0 0 0 0 0 0 0 0 0 0 1 1 1 1 1 1 1 1 0 0 0 0 0 0 0 0 0 0 0 0 0 0 0 0 0 0 0 0 0]
[0 0 0 0 0 0 0 0 0 0 0 0 0 0 0 0 0 1 0 0 0 0 0 0 0 0 1 0 0 0 0 0 0 0 1 0 1 0 0 0 0 0 0 0 0 0 0 0 0 0 0 0 0 0 0 1 0 1 0 0 0 0 0 0 0 0 0 0 0 0 1 0 1 1 1 1 0 0 0 1 1 1 0 0 0 0 0 0 0 0 0 0 0 0 0 0 0 0 0 0]
[0 0 0 0 0 0 0 0 0 0 0 0 0 0 0 0 0 1 1 0 0 0 0 0 0 0 0 0 0 0 0 0 0 0 1 0 0 0 0 0 1 0 0 0 0 0 0 0 0 0 0 0 0 0 0 1 0 0 0 0 1 0 0 0 0 0 0 0 0 0 1 1 0 1 1 0 0 0 0 0 0 0 1 1 1 1 0 0 0 0 0 0 0 0 0 0 0 0 0 0]
[0 0 0 0 0 0 0 0 0 0 0 0 0 0 0 0 0 1 0 1 0 0 0 0 0 0 0 0 0 0 0 0 0 0 1 0 0 0 0 0 0 0 0 0 0 1 0 0 0 0 0 0 0 0 0 1 0 0 0 0 0 0 0 0 1 0 0 0 0 0 1 1 1 0 1 0 0 0 0 0 0 0 1 0 0 0 1 1 1 0 0 0 0 0 0 0 0 0 0 0]
[0 0 0 0 0 0 0 0 0 0 0 0 0 0 0 0 0 1 0 0 1 0 0 0 0 0 0 0 0 0 0 0 0 0 1 0 0 0 0 0 0 0 0 0 0 0 0 0 0 1 0 0 0 0 0 1 0 0 0 0 0 0 0 0 0 0 0 1 0 0 1 1 1 1 0 0 0 0 0 0 0 0 0 1 0 0 1 0 0 1 1 0 0 0 0 0 0 0 0 0]
[0 0 0 0 0 0 0 0 0 0 0 0 0 0 0 0 0 0 0 0 0 0 1 0 0 0 1 0 0 0 0 0 0 0 0 1 1 0 0 0 0 0 0 0 0 0 0 0 0 0 0 0 0 0 0 0 1 1 0 0 0 0 0 0 0 0 0 0 0 0 1 1 0 0 0 0 1 1 1 1 1 1 0 0 0 0 0 0 0 0 0 0 0 0 0 0 0 0 0 0]
[0 0 0 0 0 0 0 0 0 0 0 0 0 0 0 0 0 0 0 0 0 0 1 1 0 0 0 0 0 0 0 0 0 0 0 1 0 0 0 0 0 1 0 0 0 0 0 0 0 0 0 0 0 0 0 0 1 0 0 0 0 1 0 0 0 0 0 0 0 0 1 0 0 0 0 1 0 1 1 0 0 0 0 0 1 0 0 0 0 0 0 1 1 1 0 0 0 0 0 0]
[0 0 0 0 0 0 0 0 0 0 0 0 0 0 0 0 0 0 0 0 0 0 1 0 1 0 0 0 0 0 0 0 0 0 0 1 0 0 0 0 0 0 0 0 0 0 1 0 0 0 0 0 0 0 0 0 1 0 0 0 0 0 0 0 0 1 0 0 0 0 1 0 0 0 0 1 1 0 1 0 0 0 0 0 0 0 0 1 0 0 0 0 1 0 0 0 1 1 0 0]
[0 0 0 0 0 0 0 0 0 0 0 0 0 0 0 0 0 0 0 0 0 0 1 0 0 1 0 0 0 0 0 0 0 0 0 1 0 0 0 0 0 0 0 0 0 0 0 0 0 0 1 0 0 0 0 0 1 0 0 0 0 0 0 0 0 0 0 0 1 0 1 0 0 0 0 1 1 1 0 0 0 0 0 0 0 0 0 0 0 1 0 0 0 1 0 0 1 0 1 0]
[0 0 0 0 0 0 0 0 0 0 0 0 0 0 0 0 0 0 0 0 0 0 0 0 0 0 1 1 0 0 0 0 0 0 0 0 1 0 0 0 0 0 1 0 0 0 0 0 0 0 0 0 0 0 0 0 0 1 0 0 0 0 1 0 0 0 0 0 0 0 0 1 0 0 0 1 0 0 0 0 1 1 0 0 0 1 0 0 0 0 0 1 0 0 1 1 0 0 0 0]
[0 0 0 0 0 0 0 0 0 0 0 0 0 0 0 0 0 0 0 0 0 0 0 0 0 0 1 0 1 0 0 0 0 0 0 0 1 0 0 0 0 0 0 0 0 0 0 1 0 0 0 0 0 0 0 0 0 1 0 0 0 0 0 0 0 0 1 0 0 0 0 1 0 0 0 1 0 0 0 1 0 1 0 0 0 0 0 0 1 0 0 0 0 0 1 0 0 1 0 1]
[0 0 0 0 0 0 0 0 0 0 0 0 0 0 0 0 0 0 0 0 0 0 0 0 0 0 1 0 0 1 0 0 0 0 0 0 1 0 0 0 0 0 0 0 0 0 0 0 0 0 0 1 0 0 0 0 0 1 0 0 0 0 0 0 0 0 0 0 0 1 0 1 0 0 0 1 0 0 0 1 1 0 0 0 0 0 0 0 0 0 1 0 0 0 0 1 0 0 1 1]
[0 0 0 0 0 0 0 0 0 0 0 0 0 0 0 0 0 0 1 1 0 0 0 0 0 0 0 0 0 0 0 0 0 0 0 0 0 0 0 0 1 0 0 0 0 1 0 0 0 0 0 0 0 0 0 0 0 0 0 0 1 0 0 0 1 0 0 0 0 0 0 0 1 1 0 0 0 0 0 0 0 0 0 1 1 1 1 1 1 0 0 0 0 0 0 0 0 0 0 0]
[0 0 0 0 0 0 0 0 0 0 0 0 0 0 0 0 0 0 1 0 1 0 0 0 0 0 0 0 0 0 0 0 0 0 0 0 0 0 0 0 1 0 0 0 0 0 0 0 0 1 0 0 0 0 0 0 0 0 0 0 1 0 0 0 0 0 0 1 0 0 0 0 1 0 1 0 0 0 0 0 0 0 1 0 1 1 1 0 0 1 1 0 0 0 0 0 0 0 0 0]
[0 0 0 0 0 0 0 0 0 0 0 0 0 0 0 0 0 0 1 0 0 0 0 1 0 0 0 0 0 0 0 0 0 0 0 0 0 0 0 0 1 1 0 0 0 0 0 0 0 0 0 0 0 0 0 0 0 0 0 0 1 1 0 0 0 0 0 0 0 0 0 0 1 0 0 0 1 0 0 0 0 0 1 1 0 1 0 0 0 0 0 1 1 1 0 0 0 0 0 0]
[0 0 0 0 0 0 0 0 0 0 0 0 0 0 0 0 0 0 1 0 0 0 0 0 0 0 0 1 0 0 0 0 0 0 0 0 0 0 0 0 1 0 1 0 0 0 0 0 0 0 0 0 0 0 0 0 0 0 0 0 1 0 1 0 0 0 0 0 0 0 0 0 1 0 0 0 0 0 0 1 0 0 1 1 1 0 0 0 0 0 0 1 0 0 1 1 0 0 0 0]
[0 0 0 0 0 0 0 0 0 0 0 0 0 0 0 0 0 0 0 1 1 0 0 0 0 0 0 0 0 0 0 0 0 0 0 0 0 0 0 0 0 0 0 0 0 1 0 0 0 1 0 0 0 0 0 0 0 0 0 0 0 0 0 0 1 0 0 1 0 0 0 0 0 1 1 0 0 0 0 0 0 0 1 1 0 0 0 1 1 1 1 0 0 0 0 0 0 0 0 0]
[0 0 0 0 0 0 0 0 0 0 0 0 0 0 0 0 0 0 0 1 0 0 0 0 1 0 0 0 0 0 0 0 0 0 0 0 0 0 0 0 0 0 0 0 0 1 1 0 0 0 0 0 0 0 0 0 0 0 0 0 0 0 0 0 1 1 0 0 0 0 0 0 0 1 0 0 0 1 0 0 0 0 1 0 0 0 1 0 1 0 0 0 1 0 0 0 1 1 0 0]
[0 0 0 0 0 0 0 0 0 0 0 0 0 0 0 0 0 0 0 1 0 0 0 0 0 0 0 0 1 0 0 0 0 0 0 0 0 0 0 0 0 0 0 0 0 1 0 1 0 0 0 0 0 0 0 0 0 0 0 0 0 0 0 0 1 0 1 0 0 0 0 0 0 1 0 0 0 0 0 0 1 0 1 0 0 0 1 1 0 0 0 0 0 0 1 0 0 1 0 1]
[0 0 0 0 0 0 0 0 0 0 0 0 0 0 0 0 0 0 0 0 1 0 0 0 0 1 0 0 0 0 0 0 0 0 0 0 0 0 0 0 0 0 0 0 0 0 0 0 0 1 1 0 0 0 0 0 0 0 0 0 0 0 0 0 0 0 0 1 1 0 0 0 0 0 1 0 0 0 1 0 0 0 0 1 0 0 1 0 0 0 1 0 0 1 0 0 1 0 1 0]
[0 0 0 0 0 0 0 0 0 0 0 0 0 0 0 0 0 0 0 0 1 0 0 0 0 0 0 0 0 1 0 0 0 0 0 0 0 0 0 0 0 0 0 0 0 0 0 0 0 1 0 1 0 0 0 0 0 0 0 0 0 0 0 0 0 0 0 1 0 1 0 0 0 0 1 0 0 0 0 0 0 1 0 1 0 0 1 0 0 1 0 0 0 0 0 1 0 0 1 1]
[0 0 0 0 0 0 0 0 0 0 0 0 0 0 0 0 0 0 0 0 0 0 0 1 0 0 0 1 0 0 0 0 0 0 0 0 0 0 0 0 0 1 1 0 0 0 0 0 0 0 0 0 0 0 0 0 0 0 0 0 0 1 1 0 0 0 0 0 0 0 0 0 0 0 0 0 1 0 0 1 0 0 0 0 1 1 0 0 0 0 0 0 1 1 1 1 0 0 0 0]
[0 0 0 0 0 0 0 0 0 0 0 0 0 0 0 0 0 0 0 0 0 0 0 1 1 0 0 0 0 0 0 0 0 0 0 0 0 0 0 0 0 1 0 0 0 0 1 0 0 0 0 0 0 0 0 0 0 0 0 0 0 1 0 0 0 1 0 0 0 0 0 0 0 0 0 0 1 1 0 0 0 0 0 0 1 0 0 1 0 0 0 1 0 1 0 0 1 1 0 0]
[0 0 0 0 0 0 0 0 0 0 0 0 0 0 0 0 0 0 0 0 0 0 0 1 0 1 0 0 0 0 0 0 0 0 0 0 0 0 0 0 0 1 0 0 0 0 0 0 0 0 1 0 0 0 0 0 0 0 0 0 0 1 0 0 0 0 0 0 1 0 0 0 0 0 0 0 1 0 1 0 0 0 0 0 1 0 0 0 0 1 0 1 1 0 0 0 1 0 1 0]
[0 0 0 0 0 0 0 0 0 0 0 0 0 0 0 0 0 0 0 0 0 0 0 0 0 0 0 1 1 0 0 0 0 0 0 0 0 0 0 0 0 0 1 0 0 0 0 1 0 0 0 0 0 0 0 0 0 0 0 0 0 0 1 0 0 0 1 0 0 0 0 0 0 0 0 0 0 0 0 1 1 0 0 0 0 1 0 0 1 0 0 1 0 0 0 1 0 1 0 1]
[0 0 0 0 0 0 0 0 0 0 0 0 0 0 0 0 0 0 0 0 0 0 0 0 0 0 0 1 0 1 0 0 0 0 0 0 0 0 0 0 0 0 1 0 0 0 0 0 0 0 0 1 0 0 0 0 0 0 0 0 0 0 1 0 0 0 0 0 0 1 0 0 0 0 0 0 0 0 0 1 0 1 0 0 0 1 0 0 0 0 1 1 0 0 1 0 0 0 1 1]
[0 0 0 0 0 0 0 0 0 0 0 0 0 0 0 0 0 0 0 0 0 0 0 0 1 1 0 0 0 0 0 0 0 0 0 0 0 0 0 0 0 0 0 0 0 0 1 0 0 0 1 0 0 0 0 0 0 0 0 0 0 0 0 0 0 1 0 0 1 0 0 0 0 0 0 0 0 1 1 0 0 0 0 0 0 0 0 1 0 1 0 0 1 1 0 0 0 1 1 0]
[0 0 0 0 0 0 0 0 0 0 0 0 0 0 0 0 0 0 0 0 0 0 0 0 1 0 0 0 1 0 0 0 0 0 0 0 0 0 0 0 0 0 0 0 0 0 1 1 0 0 0 0 0 0 0 0 0 0 0 0 0 0 0 0 0 1 1 0 0 0 0 0 0 0 0 0 0 1 0 0 1 0 0 0 0 0 0 1 1 0 0 0 1 0 1 0 1 0 0 1]
[0 0 0 0 0 0 0 0 0 0 0 0 0 0 0 0 0 0 0 0 0 0 0 0 0 1 0 0 0 1 0 0 0 0 0 0 0 0 0 0 0 0 0 0 0 0 0 0 0 0 1 1 0 0 0 0 0 0 0 0 0 0 0 0 0 0 0 0 1 1 0 0 0 0 0 0 0 0 1 0 0 1 0 0 0 0 0 0 0 1 1 0 0 1 0 1 1 0 0 1]
[0 0 0 0 0 0 0 0 0 0 0 0 0 0 0 0 0 0 0 0 0 0 0 0 0 0 0 0 1 1 0 0 0 0 0 0 0 0 0 0 0 0 0 0 0 0 0 1 0 0 0 1 0 0 0 0 0 0 0 0 0 0 0 0 0 0 1 0 0 1 0 0 0 0 0 0 0 0 0 0 1 1 0 0 0 0 0 0 1 0 1 0 0 0 1 1 0 1 1 0]
Cubed Adjacency Matrix:
[90 75 75 75 64 64 64 64 75 75 75 64 64 64 64 52 52 30 30 30 30 52 30 30 30 30 30 30 30 30 30 30 30 30 19 19 19 30 30 30 19 19 19 30 30 19 19 19 30 19 19 19 30 30 30 19 19 19 30 30 19 19 19 30 19 19 19 19 19 19  8  8  8  8  8  8  8  8  8  8  8  8  8  8  8  8  8  8  8  8  8  8  8  8  8  8  8  8  8  8]
[75 90 75 75 64 64 64 64 75 52 52 30 30 30 30 75 75 64 64 64 64 52 30 30 30 30 30 30 30 30 30 30 30 19 30 19 19 30 30 19 30 19 19 30 19 30 19 19 19 30 19 19  8  8  8 19  8  8  8  8 19  8  8  8 19  8  8 19  8  8 19 19 30 30 30  8  8  8  8  8  8  8 30 30 19 19 30 19 19 19 19  8  8  8  8  8  8  8  8  8]
[75 75 90 75 64 64 64 64 52 75 52 30 30 30 30 75 52 30 30 30 30 75 64 64 64 64 30 30 30 30 30 30 30 19 19 30 19 30 30 19 19 30 19 30 19 19 30 19 19 19 30 19  8  8  8  8 19  8  8  8  8 19  8  8  8 19  8  8 19  8 19  8  8  8  8 19 30 30 30  8  8  8  8  8 19  8  8 19  8 19  8 19 30 30  8  8 30 19 19  8]
[75 75 75 90 64 64 64 64 52 52 75 30 30 30 30 52 75 30 30 30 30 75 30 30 30 30 64 64 64 64 30 30 30 19 19 19 30 30 30 19 19 19 30 30 19 19 19 30 19 19 19 30  8  8  8  8  8 19  8  8  8  8 19  8  8  8 19  8  8 19  8 19  8  8  8 19  8  8  8 30 30 30  8  8  8 19  8  8 19  8 19 19  8  8 30 30  8 19 19 30]
[64 64 64 64 90 75 75 75 30 30 30 30 19 19 19 30 30 30 19 19 19 30 30 19 19 19 30 19 19 19 75 75 75 64 64 64 64 52 52 30 30 30 30 52 30 30 30 30 30 30 30 30 19 19 19 30 30 30  8  8  8  8  8  8  8  8  8  8  8  8 30 30 19 19 19 30 19 19 19 19 19 19  8  8  8  8  8  8  8  8  8  8  8  8  8  8  8  8  8  8]
[64 64 64 64 75 90 75 75 30 30 30 19 30 19 19 30 30 19 30 19 19 30 19 30 19 19 19 30 19 19 75 52 52 30 30 30 30 75 75 64 64 64 64 52 30 30 30 30 30 30 30 30 19  8  8  8  8  8 19 19 30 30 30  8  8  8  8  8  8  8  8  8 19  8  8  8 19  8  8 19  8  8 19 19 30 30  8  8  8  8  8 30 19 19 19 19  8  8  8  8]
[64 64 64 64 75 75 90 75 30 30 30 19 19 30 19 30 30 19 19 30 19 30 19 19 30 19 19 19 30 19 52 75 52 30 30 30 30 75 52 30 30 30 30 75 64 64 64 64 30 30 30 30  8 19  8  8  8  8 19  8  8  8  8 19 30 30 30  8  8  8  8  8  8 19  8  8  8 19  8  8 19  8 19  8  8  8 19 30 30  8  8  8 19  8 19  8 19 30  8 19]
[64 64 64 64 75 75 75 90 30 30 30 19 19 19 30 30 30 19 19 19 30 30 19 19 19 30 19 19 19 30 52 52 75 30 30 30 30 52 75 30 30 30 30 75 30 30 30 30 64 64 64 64  8  8 19  8  8  8  8 19  8  8  8 19  8  8  8 30 30 30  8  8  8  8 19  8  8  8 19  8  8 19  8 19  8  8 19  8  8 30 30  8  8 19  8 19 19  8 30 19]
[75 75 52 52 30 30 30 30 90 75 75 64 64 64 64 75 75 64 64 64 64 52 30 30 30 30 30 30 30 30  8  8  8 19 19  8  8  8  8 19 19  8  8  8 19 19  8  8 19 19  8  8 30 30 30 30 19 19 30 30 30 19 19 30 30 19 19 30 19 19 19 19 30 30 30  8  8  8  8  8  8  8 30 30 19 19 30 19 19 19 19  8  8  8  8  8  8  8  8  8]
[75 52 75 52 30 30 30 30 75 90 75 64 64 64 64 75 52 30 30 30 30 75 64 64 64 64 30 30 30 30  8  8  8 19  8 19  8  8  8 19  8 19  8  8 19  8 19  8 19  8 19  8 30 30 30 19 30 19 30 30 19 30 19 30 19 30 19 19 30 19 19  8  8  8  8 19 30 30 30  8  8  8  8  8 19  8  8 19  8 19  8 19 30 30  8  8 30 19 19  8]
[75 52 52 75 30 30 30 30 75 75 90 64 64 64 64 52 75 30 30 30 30 75 30 30 30 30 64 64 64 64  8  8  8 19  8  8 19  8  8 19  8  8 19  8 19  8  8 19 19  8  8 19 30 30 30 19 19 30 30 30 19 19 30 30 19 19 30 19 19 30  8 19  8  8  8 19  8  8  8 30 30 30  8  8  8 19  8  8 19  8 19 19  8  8 30 30  8 19 19 30]
[64 30 30 30 30 19 19 19 64 64 64 90 75 75 75 30 30 30 19 19 19 30 30 19 19 19 30 19 19 19 19 19 19 64 30 30 30  8  8 30  8  8  8  8 30  8  8  8 30  8  8  8 75 75 75 64 64 64 52 52 30 30 30 52 30 30 30 30 30 30 30 30 19 19 19 30 19 19 19 19 19 19  8  8  8  8  8  8  8  8  8  8  8  8  8  8  8  8  8  8]
[64 30 30 30 19 30 19 19 64 64 64 75 90 75 75 30 30 19 30 19 19 30 19 30 19 19 19 30 19 19 19  8  8 30  8  8  8 19 19 64 30 30 30  8 30  8  8  8 30  8  8  8 75 52 52 30 30 30 75 75 64 64 64 52 30 30 30 30 30 30  8  8 19  8  8  8 19  8  8 19  8  8 19 19 30 30  8  8  8  8  8 30 19 19 19 19  8  8  8  8]
[64 30 30 30 19 19 30 19 64 64 64 75 75 90 75 30 30 19 19 30 19 30 19 19 30 19 19 19 30 19  8 19  8 30  8  8  8 19  8 30  8  8  8 19 64 30 30 30 30  8  8  8 52 75 52 30 30 30 75 52 30 30 30 75 64 64 64 30 30 30  8  8  8 19  8  8  8 19  8  8 19  8 19  8  8  8 19 30 30  8  8  8 19  8 19  8 19 30  8 19]
[64 30 30 30 19 19 19 30 64 64 64 75 75 75 90 30 30 19 19 19 30 30 19 19 19 30 19 19 19 30  8  8 19 30  8  8  8  8 19 30  8  8  8 19 30  8  8  8 64 30 30 30 52 52 75 30 30 30 52 75 30 30 30 75 30 30 30 64 64 64  8  8  8  8 19  8  8  8 19  8  8 19  8 19  8  8 19  8  8 30 30  8  8 19  8 19 19  8 30 19]
[52 75 75 52 30 30 30 30 75 75 52 30 30 30 30 90 75 64 64 64 64 75 64 64 64 64 30 30 30 30  8  8  8  8 19 19  8  8  8  8 19 19  8  8  8 19 19  8  8 19 19  8  8  8  8 19 19  8  8  8 19 19  8  8 19 19  8 19 19  8 30 19 30 30 30 19 30 30 30  8  8  8 30 30 30 19 30 30 19 30 19 19 30 30  8  8 30 19 19  8]
[52 75 52 75 30 30 30 30 75 52 75 30 30 30 30 75 90 64 64 64 64 75 30 30 30 30 64 64 64 64  8  8  8  8 19  8 19  8  8  8 19  8 19  8  8 19  8 19  8 19  8 19  8  8  8 19  8 19  8  8 19  8 19  8 19  8 19 19  8 19 19 30 30 30 30 19  8  8  8 30 30 30 30 30 19 30 30 19 30 19 30 19  8  8 30 30  8 19 19 30]
[30 64 30 30 30 19 19 19 64 30 30 30 19 19 19 64 64 90 75 75 75 30 30 19 19 19 30 19 19 19 19 19 19 30 64 30 30  8  8  8 30  8  8  8  8 30  8  8  8 30  8  8 19 19 19 64 30 30  8  8 30  8  8  8 30  8  8 30  8  8 64 64 75 75 75 30 19 19 19 19 19 19 52 52 30 30 52 30 30 30 30  8  8  8  8  8  8  8  8  8]
[30 64 30 30 19 30 19 19 64 30 30 19 30 19 19 64 64 75 90 75 75 30 19 30 19 19 19 30 19 19 19  8  8  8 30  8  8 19 19 30 64 30 30  8  8 30  8  8  8 30  8  8 19  8  8 30  8  8 19 19 64 30 30  8 30  8  8 30  8  8 30 30 75 52 52  8 19  8  8 19  8  8 75 75 64 64 52 30 30 30 30 30 19 19 19 19  8  8  8  8]
[30 64 30 30 19 19 30 19 64 30 30 19 19 30 19 64 64 75 75 90 75 30 19 19 30 19 19 19 30 19  8 19  8  8 30  8  8 19  8  8 30  8  8 19 30 64 30 30  8 30  8  8  8 19  8 30  8  8 19  8 30  8  8 19 64 30 30 30  8  8 30 30 52 75 52  8  8 19  8  8 19  8 75 52 30 30 75 64 64 30 30  8 19  8 19  8 19 30  8 19]
[30 64 30 30 19 19 19 30 64 30 30 19 19 19 30 64 64 75 75 75 90 30 19 19 19 30 19 19 19 30  8  8 19  8 30  8  8  8 19  8 30  8  8 19  8 30  8  8 30 64 30 30  8  8 19 30  8  8  8 19 30  8  8 19 30  8  8 64 30 30 30 30 52 52 75  8  8  8 19  8  8 19 52 75 30 30 75 30 30 64 64  8  8 19  8 19 19  8 30 19]
[52 52 75 75 30 30 30 30 52 75 75 30 30 30 30 75 75 30 30 30 30 90 64 64 64 64 64 64 64 64  8  8  8  8  8 19 19  8  8  8  8 19 19  8  8  8 19 19  8  8 19 19  8  8  8  8 19 19  8  8  8 19 19  8  8 19 19  8 19 19 19 19  8  8  8 30 30 30 30 30 30 30  8  8 19 19  8 19 19 19 19 30 30 30 30 30 30 30 30 30]
[30 30 64 30 30 19 19 19 30 64 30 30 19 19 19 64 30 30 19 19 19 64 90 75 75 75 30 19 19 19 19 19 19 30 30 64 30  8  8  8  8 30  8  8  8  8 30  8  8  8 30  8 19 19 19 30 64 30  8  8  8 30  8  8  8 30  8  8 30  8 64 30 19 19 19 64 75 75 75 19 19 19  8  8 30  8  8 30  8 30  8 30 52 52  8  8 52 30 30  8]
[30 30 64 30 19 30 19 19 30 64 30 19 30 19 19 64 30 19 30 19 19 64 75 90 75 75 19 30 19 19 19  8  8  8  8 30  8 19 19 30 30 64 30  8  8  8 30  8  8  8 30  8 19  8  8  8 30  8 19 19 30 64 30  8  8 30  8  8 30  8 30  8 19  8  8 30 75 52 52 19  8  8 19 19 64 30  8 30  8 30  8 64 75 75 19 19 52 30 30  8]
[30 30 64 30 19 19 30 19 30 64 30 19 19 30 19 64 30 19 19 30 19 64 75 75 90 75 19 19 30 19  8 19  8  8  8 30  8 19  8  8  8 30  8 19 30 30 64 30  8  8 30  8  8 19  8  8 30  8 19  8  8 30  8 19 30 64 30  8 30  8 30  8  8 19  8 30 52 75 52  8 19  8 19  8 30  8 19 64 30 30  8 30 75 52 19  8 75 64 30 19]
[30 30 64 30 19 19 19 30 30 64 30 19 19 19 30 64 30 19 19 19 30 64 75 75 75 90 19 19 19 30  8  8 19  8  8 30  8  8 19  8  8 30  8 19  8  8 30  8 30 30 64 30  8  8 19  8 30  8  8 19  8 30  8 19  8 30  8 30 64 30 30  8  8  8 19 30 52 52 75  8  8 19  8 19 30  8 19 30  8 64 30 30 52 75  8 19 75 30 64 19]
[30 30 30 64 30 19 19 19 30 30 64 30 19 19 19 30 64 30 19 19 19 64 30 19 19 19 90 75 75 75 19 19 19 30 30 30 64  8  8  8  8  8 30  8  8  8  8 30  8  8  8 30 19 19 19 30 30 64  8  8  8  8 30  8  8  8 30  8  8 30 30 64 19 19 19 64 19 19 19 75 75 75  8  8  8 30  8  8 30  8 30 30  8  8 52 52  8 30 30 52]
[30 30 30 64 19 30 19 19 30 30 64 19 30 19 19 30 64 19 30 19 19 64 19 30 19 19 75 90 75 75 19  8  8  8  8  8 30 19 19 30 30 30 64  8  8  8  8 30  8  8  8 30 19  8  8  8  8 30 19 19 30 30 64  8  8  8 30  8  8 30  8 30 19  8  8 30 19  8  8 75 52 52 19 19 30 64  8  8 30  8 30 64 19 19 75 75  8 30 30 52]
[30 30 30 64 19 19 30 19 30 30 64 19 19 30 19 30 64 19 19 30 19 64 19 19 30 19 75 75 90 75  8 19  8  8  8  8 30 19  8  8  8  8 30 19 30 30 30 64  8  8  8 30  8 19  8  8  8 30 19  8  8  8 30 19 30 30 64  8  8 30  8 30  8 19  8 30  8 19  8 52 75 52 19  8  8 30 19 30 64  8 30 30 19  8 75 52 19 64 30 75]
[30 30 30 64 19 19 19 30 30 30 64 19 19 19 30 30 64 19 19 19 30 64 19 19 19 30 75 75 75 90  8  8 19  8  8  8 30  8 19  8  8  8 30 19  8  8  8 30 30 30 30 64  8  8 19  8  8 30  8 19  8  8 30 19  8  8 30 30 30 64  8 30  8  8 19 30  8  8 19 52 52 75  8 19  8 30 19  8 30 30 64 30  8 19 52 75 19 30 64 75]
[30 30 30 30 75 75 52 52  8  8  8 19 19  8  8  8  8 19 19  8  8  8 19 19  8  8 19 19  8  8 90 75 75 64 64 64 64 75 75 64 64 64 64 52 30 30 30 30 30 30 30 30 30 19 19 30 30 30 19 19 30 30 30  8  8  8  8  8  8  8 30 30 30 19 19 30 30 19 19 30 19 19 19 19 30 30  8  8  8  8  8 30 19 19 19 19  8  8  8  8]
[30 30 30 30 75 52 75 52  8  8  8 19  8 19  8  8  8 19  8 19  8  8 19  8 19  8 19  8 19  8 75 90 75 64 64 64 64 75 52 30 30 30 30 75 64 64 64 64 30 30 30 30 19 30 19 30 30 30 19  8  8  8  8 19 30 30 30  8  8  8 30 30 19 30 19 30 19 30 19 19 30 19 19  8  8  8 19 30 30  8  8  8 19  8 19  8 19 30  8 19]
[30 30 30 30 75 52 52 75  8  8  8 19  8  8 19  8  8 19  8  8 19  8 19  8  8 19 19  8  8 19 75 75 90 64 64 64 64 52 75 30 30 30 30 75 30 30 30 30 64 64 64 64 19 19 30 30 30 30  8 19  8  8  8 19  8  8  8 30 30 30 30 30 19 19 30 30 19 19 30 19 19 30  8 19  8  8 19  8  8 30 30  8  8 19  8 19 19  8 30 19]
[30 19 19 19 64 30 30 30 19 19 19 64 30 30 30  8  8 30  8  8  8  8 30  8  8  8 30  8  8  8 64 64 64 90 75 75 75 30 30 30 19 19 19 30 30 19 19 19 30 19 19 19 64 64 64 75 75 75 30 30 19 19 19 30 19 19 19 19 19 19 52 52 30 30 30 52 30 30 30 30 30 30  8  8  8  8  8  8  8  8  8  8  8  8  8  8  8  8  8  8]
[19 30 19 19 64 30 30 30 19  8  8 30  8  8  8 19 19 64 30 30 30  8 30  8  8  8 30  8  8  8 64 64 64 75 90 75 75 30 30 19 30 19 19 30 19 30 19 19 19 30 19 19 30 30 30 75 52 52  8  8 19  8  8  8 19  8  8 19  8  8 75 75 64 64 64 52 30 30 30 30 30 30 30 30 19 19 30 19 19 19 19  8  8  8  8  8  8  8  8  8]
[19 19 30 19 64 30 30 30  8 19  8 30  8  8  8 19  8 30  8  8  8 19 64 30 30 30 30  8  8  8 64 64 64 75 75 90 75 30 30 19 19 30 19 30 19 19 30 19 19 19 30 19 30 30 30 52 75 52  8  8  8 19  8  8  8 19  8  8 19  8 75 52 30 30 30 75 64 64 64 30 30 30  8  8 19  8  8 19  8 19  8 19 30 30  8  8 30 19 19  8]
[19 19 19 30 64 30 30 30  8  8 19 30  8  8  8  8 19 30  8  8  8 19 30  8  8  8 64 30 30 30 64 64 64 75 75 75 90 30 30 19 19 19 30 30 19 19 19 30 19 19 19 30 30 30 30 52 52 75  8  8  8  8 19  8  8  8 19  8  8 19 52 75 30 30 30 75 30 30 30 64 64 64  8  8  8 19  8  8 19  8 19 19  8  8 30 30  8 19 19 30]
[30 30 30 30 52 75 75 52  8  8  8  8 19 19  8  8  8  8 19 19  8  8  8 19 19  8  8 19 19  8 75 75 52 30 30 30 30 90 75 64 64 64 64 75 64 64 64 64 30 30 30 30 19 19  8  8  8  8 30 19 30 30 30 19 30 30 30  8  8  8  8  8 19 19  8  8 19 19  8 19 19  8 30 19 30 30 19 30 30  8  8 30 30 19 30 19 19 30  8 19]
[30 30 30 30 52 75 52 75  8  8  8  8 19  8 19  8  8  8 19  8 19  8  8 19  8 19  8 19  8 19 75 52 75 30 30 30 30 75 90 64 64 64 64 75 30 30 30 30 64 64 64 64 19  8 19  8  8  8 19 30 30 30 30 19  8  8  8 30 30 30  8  8 19  8 19  8 19  8 19 19  8 19 19 30 30 30 19  8  8 30 30 30 19 30 19 30 19  8 30 19]
[30 19 19 19 30 64 30 30 19 19 19 30 64 30 30  8  8  8 30  8  8  8  8 30  8  8  8 30  8  8 64 30 30 30 19 19 19 64 64 90 75 75 75 30 30 19 19 19 30 19 19 19 64 30 30 19 19 19 64 64 75 75 75 30 19 19 19 19 19 19  8  8 30  8  8  8 30  8  8 30  8  8 30 30 52 52  8  8  8  8  8 52 30 30 30 30  8  8  8  8]
[19 30 19 19 30 64 30 30 19  8  8  8 30  8  8 19 19 30 64 30 30  8  8 30  8  8  8 30  8  8 64 30 30 19 30 19 19 64 64 75 90 75 75 30 19 30 19 19 19 30 19 19 30  8  8 19  8  8 30 30 75 52 52  8 19  8  8 19  8  8 19 19 64 30 30  8 30  8  8 30  8  8 64 64 75 75 30 19 19 19 19 52 30 30 30 30  8  8  8  8]
[19 19 30 19 30 64 30 30  8 19  8  8 30  8  8 19  8  8 30  8  8 19 30 64 30 30  8 30  8  8 64 30 30 19 19 30 19 64 64 75 75 90 75 30 19 19 30 19 19 19 30 19 30  8  8  8 19  8 30 30 52 75 52  8  8 19  8  8 19  8 19  8 30  8  8 19 64 30 30 30  8  8 30 30 75 52  8 19  8 19  8 75 64 64 30 30 30 19 19  8]
[19 19 19 30 30 64 30 30  8  8 19  8 30  8  8  8 19  8 30  8  8 19  8 30  8  8 30 64 30 30 64 30 30 19 19 19 30 64 64 75 75 75 90 30 19 19 19 30 19 19 19 30 30  8  8  8  8 19 30 30 52 52 75  8  8  8 19  8  8 19  8 19 30  8  8 19 30  8  8 64 30 30 30 30 52 75  8  8 19  8 19 75 30 30 64 64  8 19 19 30]
[30 30 30 30 52 52 75 75  8  8  8  8  8 19 19  8  8  8  8 19 19  8  8  8 19 19  8  8 19 19 52 75 75 30 30 30 30 75 75 30 30 30 30 90 64 64 64 64 64 64 64 64  8 19 19  8  8  8 19 19  8  8  8 30 30 30 30 30 30 30  8  8  8 19 19  8  8 19 19  8 19 19 19 19  8  8 30 30 30 30 30  8 19 19 19 19 30 30 30 30]
[30 19 19 19 30 30 64 30 19 19 19 30 30 64 30  8  8  8  8 30  8  8  8  8 30  8  8  8 30  8 30 64 30 30 19 19 19 64 30 30 19 19 19 64 90 75 75 75 30 19 19 19 30 64 30 19 19 19 64 30 19 19 19 64 75 75 75 19 19 19  8  8  8 30  8  8  8 30  8  8 30  8 30  8  8  8 30 52 52  8  8  8 30  8 30  8 30 52  8 30]
[19 30 19 19 30 30 64 30 19  8  8  8  8 30  8 19 19 30 30 64 30  8  8  8 30  8  8  8 30  8 30 64 30 19 30 19 19 64 30 19 30 19 19 64 75 90 75 75 19 30 19 19  8 30  8 19  8  8 30  8 19  8  8 30 75 52 52 19  8  8 19 19 30 64 30  8  8 30  8  8 30  8 64 30 19 19 64 75 75 19 19  8 30  8 30  8 30 52  8 30]
[19 19 30 19 30 30 64 30  8 19  8  8  8 30  8 19  8  8  8 30  8 19 30 30 64 30  8  8 30  8 30 64 30 19 19 30 19 64 30 19 19 30 19 64 75 75 90 75 19 19 30 19  8 30  8  8 19  8 30  8  8 19  8 30 52 75 52  8 19  8 19  8  8 30  8 19 30 64 30  8 30  8 30  8 19  8 30 75 52 19  8 19 64 30 30  8 64 75 19 30]
[19 19 19 30 30 30 64 30  8  8 19  8  8 30  8  8 19  8  8 30  8 19  8  8 30  8 30 30 64 30 30 64 30 19 19 19 30 64 30 19 19 19 30 64 75 75 75 90 19 19 19 30  8 30  8  8  8 19 30  8  8  8 19 30 52 52 75  8  8 19  8 19  8 30  8 19  8 30  8 30 64 30 30  8  8 19 30 52 75  8 19 19 30  8 64 30 30 75 19 64]
[30 19 19 19 30 30 30 64 19 19 19 30 30 30 64  8  8  8  8  8 30  8  8  8  8 30  8  8  8 30 30 30 64 30 19 19 19 30 64 30 19 19 19 64 30 19 19 19 90 75 75 75 30 30 64 19 19 19 30 64 19 19 19 64 19 19 19 75 75 75  8  8  8  8 30  8  8  8 30  8  8 30  8 30  8  8 30  8  8 52 52  8  8 30  8 30 30  8 52 30]
[19 30 19 19 30 30 30 64 19  8  8  8  8  8 30 19 19 30 30 30 64  8  8  8  8 30  8  8  8 30 30 30 64 19 30 19 19 30 64 19 30 19 19 64 19 30 19 19 75 90 75 75  8  8 30 19  8  8  8 30 19  8  8 30 19  8  8 75 52 52 19 19 30 30 64  8  8  8 30  8  8 30 30 64 19 19 64 19 19 75 75  8  8 30  8 30 30  8 52 30]
[19 19 30 19 30 30 30 64  8 19  8  8  8  8 30 19  8  8  8  8 30 19 30 30 30 64  8  8  8 30 30 30 64 19 19 30 19 30 64 19 19 30 19 64 19 19 30 19 75 75 90 75  8  8 30  8 19  8  8 30  8 19  8 30  8 19  8 52 75 52 19  8  8  8 30 19 30 30 64  8  8 30  8 30 19  8 30 19  8 75 52 19 30 64  8 30 64 19 75 30]
[19 19 19 30 30 30 30 64  8  8 19  8  8  8 30  8 19  8  8  8 30 19  8  8  8 30 30 30 30 64 30 30 64 19 19 19 30 30 64 19 19 19 30 64 19 19 19 30 75 75 75 90  8  8 30  8  8 19  8 30  8  8 19 30  8  8 19 52 52 75  8 19  8  8 30 19  8  8 30 30 30 64  8 30  8 19 30  8 19 52 75 19  8 30 30 64 30 19 75 64]
[30  8  8  8 19 19  8  8 30 30 30 75 75 52 52  8  8 19 19  8  8  8 19 19  8  8 19 19  8  8 30 19 19 64 30 30 30 19 19 64 30 30 30  8 30  8  8  8 30  8  8  8 90 75 75 64 64 64 75 75 64 64 64 52 30 30 30 30 30 30 30 30 30 19 19 30 30 19 19 30 19 19 19 19 30 30  8  8  8  8  8 30 19 19 19 19  8  8  8  8]
[30  8  8  8 19  8 19  8 30 30 30 75 52 75 52  8  8 19  8 19  8  8 19  8 19  8 19  8 19  8 19 30 19 64 30 30 30 19  8 30  8  8  8 19 64 30 30 30 30  8  8  8 75 90 75 64 64 64 75 52 30 30 30 75 64 64 64 30 30 30 30 30 19 30 19 30 19 30 19 19 30 19 19  8  8  8 19 30 30  8  8  8 19  8 19  8 19 30  8 19]
[30  8  8  8 19  8  8 19 30 30 30 75 52 52 75  8  8 19  8  8 19  8 19  8  8 19 19  8  8 19 19 19 30 64 30 30 30  8 19 30  8  8  8 19 30  8  8  8 64 30 30 30 75 75 90 64 64 64 52 75 30 30 30 75 30 30 30 64 64 64 30 30 19 19 30 30 19 19 30 19 19 30  8 19  8  8 19  8  8 30 30  8  8 19  8 19 19  8 30 19]
[19 19  8  8 30  8  8  8 30 19 19 64 30 30 30 19 19 64 30 30 30  8 30  8  8  8 30  8  8  8 30 30 30 75 75 52 52  8  8 19 19  8  8  8 19 19  8  8 19 19  8  8 64 64 64 90 75 75 30 30 30 19 19 30 30 19 19 30 19 19 75 75 64 64 64 52 30 30 30 30 30 30 30 30 19 19 30 19 19 19 19  8  8  8  8  8  8  8  8  8]
[19  8 19  8 30  8  8  8 19 30 19 64 30 30 30 19  8 30  8  8  8 19 64 30 30 30 30  8  8  8 30 30 30 75 52 75 52  8  8 19  8 19  8  8 19  8 19  8 19  8 19  8 64 64 64 75 90 75 30 30 19 30 19 30 19 30 19 19 30 19 75 52 30 30 30 75 64 64 64 30 30 30  8  8 19  8  8 19  8 19  8 19 30 30  8  8 30 19 19  8]
[19  8  8 19 30  8  8  8 19 19 30 64 30 30 30  8 19 30  8  8  8 19 30  8  8  8 64 30 30 30 30 30 30 75 52 52 75  8  8 19  8  8 19  8 19  8  8 19 19  8  8 19 64 64 64 75 75 90 30 30 19 19 30 30 19 19 30 19 19 30 52 75 30 30 30 75 30 30 30 64 64 64  8  8  8 19  8  8 19  8 19 19  8  8 30 30  8 19 19 30]
[30  8  8  8  8 19 19  8 30 30 30 52 75 75 52  8  8  8 19 19  8  8  8 19 19  8  8 19 19  8 19 19  8 30  8  8  8 30 19 64 30 30 30 19 64 30 30 30 30  8  8  8 75 75 52 30 30 30 90 75 64 64 64 75 64 64 64 30 30 30  8  8 19 19  8  8 19 19  8 19 19  8 30 19 30 30 19 30 30  8  8 30 30 19 30 19 19 30  8 19]
[30  8  8  8  8 19  8 19 30 30 30 52 75 52 75  8  8  8 19  8 19  8  8 19  8 19  8 19  8 19 19  8 19 30  8  8  8 19 30 64 30 30 30 19 30  8  8  8 64 30 30 30 75 52 75 30 30 30 75 90 64 64 64 75 30 30 30 64 64 64  8  8 19  8 19  8 19  8 19 19  8 19 19 30 30 30 19  8  8 30 30 30 19 30 19 30 19  8 30 19]
[19 19  8  8  8 30  8  8 30 19 19 30 64 30 30 19 19 30 64 30 30  8  8 30  8  8  8 30  8  8 30  8  8 19 19  8  8 30 30 75 75 52 52  8 19 19  8  8 19 19  8  8 64 30 30 30 19 19 64 64 90 75 75 30 30 19 19 30 19 19 19 19 64 30 30  8 30  8  8 30  8  8 64 64 75 75 30 19 19 19 19 52 30 30 30 30  8  8  8  8]
[19  8 19  8  8 30  8  8 19 30 19 30 64 30 30 19  8  8 30  8  8 19 30 64 30 30  8 30  8  8 30  8  8 19  8 19  8 30 30 75 52 75 52  8 19  8 19  8 19  8 19  8 64 30 30 19 30 19 64 64 75 90 75 30 19 30 19 19 30 19 19  8 30  8  8 19 64 30 30 30  8  8 30 30 75 52  8 19  8 19  8 75 64 64 30 30 30 19 19  8]
[19  8  8 19  8 30  8  8 19 19 30 30 64 30 30  8 19  8 30  8  8 19  8 30  8  8 30 64 30 30 30  8  8 19  8  8 19 30 30 75 52 52 75  8 19  8  8 19 19  8  8 19 64 30 30 19 19 30 64 64 75 75 90 30 19 19 30 19 19 30  8 19 30  8  8 19 30  8  8 64 30 30 30 30 52 75  8  8 19  8 19 75 30 30 64 64  8 19 19 30]
[30  8  8  8  8  8 19 19 30 30 30 52 52 75 75  8  8  8  8 19 19  8  8  8 19 19  8  8 19 19  8 19 19 30  8  8  8 19 19 30  8  8  8 30 64 30 30 30 64 30 30 30 52 75 75 30 30 30 75 75 30 30 30 90 64 64 64 64 64 64  8  8  8 19 19  8  8 19 19  8 19 19 19 19  8  8 30 30 30 30 30  8 19 19 19 19 30 30 30 30]
[19 19  8  8  8  8 30  8 30 19 19 30 30 64 30 19 19 30 30 64 30  8  8  8 30  8  8  8 30  8  8 30  8 19 19  8  8 30  8 19 19  8  8 30 75 75 52 52 19 19  8  8 30 64 30 30 19 19 64 30 30 19 19 64 90 75 75 30 19 19 19 19 30 64 30  8  8 30  8  8 30  8 64 30 19 19 64 75 75 19 19  8 30  8 30  8 30 52  8 30]
[19  8 19  8  8  8 30  8 19 30 19 30 30 64 30 19  8  8  8 30  8 19 30 30 64 30  8  8 30  8  8 30  8 19  8 19  8 30  8 19  8 19  8 30 75 52 75 52 19  8 19  8 30 64 30 19 30 19 64 30 19 30 19 64 75 90 75 19 30 19 19  8  8 30  8 19 30 64 30  8 30  8 30  8 19  8 30 75 52 19  8 19 64 30 30  8 64 75 19 30]
[19  8  8 19  8  8 30  8 19 19 30 30 30 64 30  8 19  8  8 30  8 19  8  8 30  8 30 30 64 30  8 30  8 19  8  8 19 30  8 19  8  8 19 30 75 52 52 75 19  8  8 19 30 64 30 19 19 30 64 30 19 19 30 64 75 75 90 19 19 30  8 19  8 30  8 19  8 30  8 30 64 30 30  8  8 19 30 52 75  8 19 19 30  8 64 30 30 75 19 64]
[19 19  8  8  8  8  8 30 30 19 19 30 30 30 64 19 19 30 30 30 64  8  8  8  8 30  8  8  8 30  8  8 30 19 19  8  8  8 30 19 19  8  8 30 19 19  8  8 75 75 52 52 30 30 64 30 19 19 30 64 30 19 19 64 30 19 19 90 75 75 19 19 30 30 64  8  8  8 30  8  8 30 30 64 19 19 64 19 19 75 75  8  8 30  8 30 30  8 52 30]
[19  8 19  8  8  8  8 30 19 30 19 30 30 30 64 19  8  8  8  8 30 19 30 30 30 64  8  8  8 30  8  8 30 19  8 19  8  8 30 19  8 19  8 30 19  8 19  8 75 52 75 52 30 30 64 19 30 19 30 64 19 30 19 64 19 30 19 75 90 75 19  8  8  8 30 19 30 30 64  8  8 30  8 30 19  8 30 19  8 75 52 19 30 64  8 30 64 19 75 30]
[19  8  8 19  8  8  8 30 19 19 30 30 30 30 64  8 19  8  8  8 30 19  8  8  8 30 30 30 30 64  8  8 30 19  8  8 19  8 30 19  8  8 19 30 19  8  8 19 75 52 52 75 30 30 64 19 19 30 30 64 19 19 30 64 19 19 30 75 75 90  8 19  8  8 30 19  8  8 30 30 30 64  8 30  8 19 30  8 19 52 75 19  8 30 30 64 30 19 75 64]
[ 8 19 19  8 30  8  8  8 19 19  8 30  8  8  8 30 19 64 30 30 30 19 64 30 30 30 30  8  8  8 30 30 30 52 75 75 52  8  8  8 19 19  8  8  8 19 19  8  8 19 19  8 30 30 30 75 75 52  8  8 19 19  8  8 19 19  8 19 19  8 90 75 64 64 64 75 64 64 64 30 30 30 30 30 30 19 30 30 19 30 19 19 30 30  8  8 30 19 19  8]
[ 8 19  8 19 30  8  8  8 19  8 19 30  8  8  8 19 30 64 30 30 30 19 30  8  8  8 64 30 30 30 30 30 30 52 75 52 75  8  8  8 19  8 19  8  8 19  8 19  8 19  8 19 30 30 30 75 52 75  8  8 19  8 19  8 19  8 19 19  8 19 75 90 64 64 64 75 30 30 30 64 64 64 30 30 19 30 30 19 30 19 30 19  8  8 30 30  8 19 19 30]
[ 8 30  8  8 19 19  8  8 30  8  8 19 19  8  8 30 30 75 75 52 52  8 19 19  8  8 19 19  8  8 30 19 19 30 64 30 30 19 19 30 64 30 30  8  8 30  8  8  8 30  8  8 30 19 19 64 30 30 19 19 64 30 30  8 30  8  8 30  8  8 64 64 90 75 75 30 30 19 19 30 19 19 75 75 64 64 52 30 30 30 30 30 19 19 19 19  8  8  8  8]
[ 8 30  8  8 19  8 19  8 30  8  8 19  8 19  8 30 30 75 52 75 52  8 19  8 19  8 19  8 19  8 19 30 19 30 64 30 30 19  8  8 30  8  8 19 30 64 30 30  8 30  8  8 19 30 19 64 30 30 19  8 30  8  8 19 64 30 30 30  8  8 64 64 75 90 75 30 19 30 19 19 30 19 75 52 30 30 75 64 64 30 30  8 19  8 19  8 19 30  8 19]
[ 8 30  8  8 19  8  8 19 30  8  8 19  8  8 19 30 30 75 52 52 75  8 19  8  8 19 19  8  8 19 19 19 30 30 64 30 30  8 19  8 30  8  8 19  8 30  8  8 30 64 30 30 19 19 30 64 30 30  8 19 30  8  8 19 30  8  8 64 30 30 64 64 75 75 90 30 19 19 30 19 19 30 52 75 30 30 75 30 30 64 64  8  8 19  8 19 19  8 30 19]
[ 8  8 19 19 30  8  8  8  8 19 19 30  8  8  8 19 19 30  8  8  8 30 64 30 30 30 64 30 30 30 30 30 30 52 52 75 75  8  8  8  8 19 19  8  8  8 19 19  8  8 19 19 30 30 30 52 75 75  8  8  8 19 19  8  8 19 19  8 19 19 75 75 30 30 30 90 64 64 64 64 64 64  8  8 19 19  8 19 19 19 19 30 30 30 30 30 30 30 30 30]
[ 8  8 30  8 19 19  8  8  8 30  8 19 19  8  8 30  8 19 19  8  8 30 75 75 52 52 19 19  8  8 30 19 19 30 30 64 30 19 19 30 30 64 30  8  8  8 30  8  8  8 30  8 30 19 19 30 64 30 19 19 30 64 30  8  8 30  8  8 30  8 64 30 30 19 19 64 90 75 75 30 19 19 19 19 64 30  8 30  8 30  8 64 75 75 19 19 52 30 30  8]
[ 8  8 30  8 19  8 19  8  8 30  8 19  8 19  8 30  8 19  8 19  8 30 75 52 75 52 19  8 19  8 19 30 19 30 30 64 30 19  8  8  8 30  8 19 30 30 64 30  8  8 30  8 19 30 19 30 64 30 19  8  8 30  8 19 30 64 30  8 30  8 64 30 19 30 19 64 75 90 75 19 30 19 19  8 30  8 19 64 30 30  8 30 75 52 19  8 75 64 30 19]
[ 8  8 30  8 19  8  8 19  8 30  8 19  8  8 19 30  8 19  8  8 19 30 75 52 52 75 19  8  8 19 19 19 30 30 30 64 30  8 19  8  8 30  8 19  8  8 30  8 30 30 64 30 19 19 30 30 64 30  8 19  8 30  8 19  8 30  8 30 64 30 64 30 19 19 30 64 75 75 90 19 19 30  8 19 30  8 19 30  8 64 30 30 52 75  8 19 75 30 64 19]
[ 8  8  8 30 19 19  8  8  8  8 30 19 19  8  8  8 30 19 19  8  8 30 19 19  8  8 75 75 52 52 30 19 19 30 30 30 64 19 19 30 30 30 64  8  8  8  8 30  8  8  8 30 30 19 19 30 30 64 19 19 30 30 64  8  8  8 30  8  8 30 30 64 30 19 19 64 30 19 19 90 75 75 19 19 30 64  8  8 30  8 30 64 19 19 75 75  8 30 30 52]
[ 8  8  8 30 19  8 19  8  8  8 30 19  8 19  8  8 30 19  8 19  8 30 19  8 19  8 75 52 75 52 19 30 19 30 30 30 64 19  8  8  8  8 30 19 30 30 30 64  8  8  8 30 19 30 19 30 30 64 19  8  8  8 30 19 30 30 64  8  8 30 30 64 19 30 19 64 19 30 19 75 90 75 19  8  8 30 19 30 64  8 30 30 19  8 75 52 19 64 30 75]
[ 8  8  8 30 19  8  8 19  8  8 30 19  8  8 19  8 30 19  8  8 19 30 19  8  8 19 75 52 52 75 19 19 30 30 30 30 64  8 19  8  8  8 30 19  8  8  8 30 30 30 30 64 19 19 30 30 30 64  8 19  8  8 30 19  8  8 30 30 30 64 30 64 19 19 30 64 19 19 30 75 75 90  8 19  8 30 19  8 30 30 64 30  8 19 52 75 19 30 64 75]
[ 8 30  8  8  8 19 19  8 30  8  8  8 19 19  8 30 30 52 75 75 52  8  8 19 19  8  8 19 19  8 19 19  8  8 30  8  8 30 19 30 64 30 30 19 30 64 30 30  8 30  8  8 19 19  8 30  8  8 30 19 64 30 30 19 64 30 30 30  8  8 30 30 75 75 52  8 19 19  8 19 19  8 90 75 64 64 75 64 64 30 30 30 30 19 30 19 19 30  8 19]
[ 8 30  8  8  8 19  8 19 30  8  8  8 19  8 19 30 30 52 75 52 75  8  8 19  8 19  8 19  8 19 19  8 19  8 30  8  8 19 30 30 64 30 30 19  8 30  8  8 30 64 30 30 19  8 19 30  8  8 19 30 64 30 30 19 30  8  8 64 30 30 30 30 75 52 75  8 19  8 19 19  8 19 75 90 64 64 75 30 30 64 64 30 19 30 19 30 19  8 30 19]
[ 8 19 19  8  8 30  8  8 19 19  8  8 30  8  8 30 19 30 64 30 30 19 30 64 30 30  8 30  8  8 30  8  8  8 19 19  8 30 30 52 75 75 52  8  8 19 19  8  8 19 19  8 30  8  8 19 19  8 30 30 75 75 52  8 19 19  8 19 19  8 30 19 64 30 30 19 64 30 30 30  8  8 64 64 90 75 30 30 19 30 19 75 64 64 30 30 30 19 19  8]
[ 8 19  8 19  8 30  8  8 19  8 19  8 30  8  8 19 30 30 64 30 30 19  8 30  8  8 30 64 30 30 30  8  8  8 19  8 19 30 30 52 75 52 75  8  8 19  8 19  8 19  8 19 30  8  8 19  8 19 30 30 75 52 75  8 19  8 19 19  8 19 19 30 64 30 30 19 30  8  8 64 30 30 64 64 75 90 30 19 30 19 30 75 30 30 64 64  8 19 19 30]
[ 8 30  8  8  8  8 19 19 30  8  8  8  8 19 19 30 30 52 52 75 75  8  8  8 19 19  8  8 19 19  8 19 19  8 30  8  8 19 19  8 30  8  8 30 30 64 30 30 30 64 30 30  8 19 19 30  8  8 19 19 30  8  8 30 64 30 30 64 30 30 30 30 52 75 75  8  8 19 19  8 19 19 75 75 30 30 90 64 64 64 64  8 19 19 19 19 30 30 30 30]
[ 8 19 19  8  8  8 30  8 19 19  8  8  8 30  8 30 19 30 30 64 30 19 30 30 64 30  8  8 30  8  8 30  8  8 19 19  8 30  8  8 19 19  8 30 52 75 75 52  8 19 19  8  8 30  8 19 19  8 30  8 19 19  8 30 75 75 52 19 19  8 30 19 30 64 30 19 30 64 30  8 30  8 64 30 30 19 64 90 75 30 19 19 64 30 30  8 64 75 19 30]
[ 8 19  8 19  8  8 30  8 19  8 19  8  8 30  8 19 30 30 30 64 30 19  8  8 30  8 30 30 64 30  8 30  8  8 19  8 19 30  8  8 19  8 19 30 52 75 52 75  8 19  8 19  8 30  8 19  8 19 30  8 19  8 19 30 75 52 75 19  8 19 19 30 30 64 30 19  8 30  8 30 64 30 64 30 19 30 64 75 90 19 30 19 30  8 64 30 30 75 19 64]
[ 8 19 19  8  8  8  8 30 19 19  8  8  8  8 30 30 19 30 30 30 64 19 30 30 30 64  8  8  8 30  8  8 30  8 19 19  8  8 30  8 19 19  8 30  8 19 19  8 52 75 75 52  8  8 30 19 19  8  8 30 19 19  8 30 19 19  8 75 75 52 30 19 30 30 64 19 30 30 64  8  8 30 30 64 30 19 64 30 19 90 75 19 30 64  8 30 64 19 75 30]
[ 8 19  8 19  8  8  8 30 19  8 19  8  8  8 30 19 30 30 30 30 64 19  8  8  8 30 30 30 30 64  8  8 30  8 19  8 19  8 30  8 19  8 19 30  8 19  8 19 52 75 52 75  8  8 30 19  8 19  8 30 19  8 19 30 19  8 19 75 52 75 19 30 30 30 64 19  8  8 30 30 30 64 30 64 19 30 64 19 30 75 90 19  8 30 30 64 30 19 75 64]
[ 8  8 19 19  8 30  8  8  8 19 19  8 30  8  8 19 19  8 30  8  8 30 30 64 30 30 30 64 30 30 30  8  8  8  8 19 19 30 30 52 52 75 75  8  8  8 19 19  8  8 19 19 30  8  8  8 19 19 30 30 52 75 75  8  8 19 19  8 19 19 19 19 30  8  8 30 64 30 30 64 30 30 30 30 75 75  8 19 19 19 19 90 64 64 64 64 30 30 30 30]
[ 8  8 30  8  8 19 19  8  8 30  8  8 19 19  8 30  8  8 19 19  8 30 52 75 75 52  8 19 19  8 19 19  8  8  8 30  8 30 19 30 30 64 30 19 30 30 64 30  8  8 30  8 19 19  8  8 30  8 30 19 30 64 30 19 30 64 30  8 30  8 30  8 19 19  8 30 75 75 52 19 19  8 30 19 64 30 19 64 30 30  8 64 90 75 30 19 75 64 30 19]
[ 8  8 30  8  8 19  8 19  8 30  8  8 19  8 19 30  8  8 19  8 19 30 52 75 52 75  8 19  8 19 19  8 19  8  8 30  8 19 30 30 30 64 30 19  8  8 30  8 30 30 64 30 19  8 19  8 30  8 19 30 30 64 30 19  8 30  8 30 64 30 30  8 19  8 19 30 75 52 75 19  8 19 19 30 64 30 19 30  8 64 30 64 75 90 19 30 75 30 64 19]
[ 8  8  8 30  8 19 19  8  8  8 30  8 19 19  8  8 30  8 19 19  8 30  8 19 19  8 52 75 75 52 19 19  8  8  8  8 30 30 19 30 30 30 64 19 30 30 30 64  8  8  8 30 19 19  8  8  8 30 30 19 30 30 64 19 30 30 64  8  8 30  8 30 19 19  8 30 19 19  8 75 75 52 30 19 30 64 19 30 64  8 30 64 30 19 90 75 19 64 30 75]
[ 8  8  8 30  8 19  8 19  8  8 30  8 19  8 19  8 30  8 19  8 19 30  8 19  8 19 52 75 52 75 19  8 19  8  8  8 30 19 30 30 30 30 64 19  8  8  8 30 30 30 30 64 19  8 19  8  8 30 19 30 30 30 64 19  8  8 30 30 30 64  8 30 19  8 19 30 19  8 19 75 52 75 19 30 30 64 19  8 30 30 64 64 19 30 75 90 19 30 64 75]
[ 8  8 30  8  8  8 19 19  8 30  8  8  8 19 19 30  8  8  8 19 19 30 52 52 75 75  8  8 19 19  8 19 19  8  8 30  8 19 19  8  8 30  8 30 30 30 64 30 30 30 64 30  8 19 19  8 30  8 19 19  8 30  8 30 30 64 30 30 64 30 30  8  8 19 19 30 52 75 75  8 19 19 19 19 30  8 30 64 30 64 30 30 75 75 19 19 90 64 64 30]
[ 8  8 19 19  8  8 30  8  8 19 19  8  8 30  8 19 19  8  8 30  8 30 30 30 64 30 30 30 64 30  8 30  8  8  8 19 19 30  8  8  8 19 19 30 52 52 75 75  8  8 19 19  8 30  8  8 19 19 30  8  8 19 19 30 52 75 75  8 19 19 19 19  8 30  8 30 30 64 30 30 64 30 30  8 19 19 30 75 75 19 19 30 64 30 64 30 64 90 30 64]
[ 8  8 19 19  8  8  8 30  8 19 19  8  8  8 30 19 19  8  8  8 30 30 30 30 30 64 30 30 30 64  8  8 30  8  8 19 19  8 30  8  8 19 19 30  8  8 19 19 52 52 75 75  8  8 30  8 19 19  8 30  8 19 19 30  8 19 19 52 75 75 19 19  8  8 30 30 30 30 64 30 30 64  8 30 19 19 30 19 19 75 75 30 30 64 30 64 64 30 90 64]
[ 8  8  8 30  8  8 19 19  8  8 30  8  8 19 19  8 30  8  8 19 19 30  8  8 19 19 52 52 75 75  8 19 19  8  8  8 30 19 19  8  8  8 30 30 30 30 30 64 30 30 30 64  8 19 19  8  8 30 19 19  8  8 30 30 30 30 64 30 30 64  8 30  8 19 19 30  8 19 19 52 75 75 19 19  8 30 30 30 64 30 64 30 19 19 75 75 30 64 64 90]
Triangles: 1500

{1500}
